######################################################################  Penguins
Priceless HS Penguins,PNG
QB,Aphran Aaron,23,2014,61,51,54,53,56,60,8.5,3
QB,Jackie Puftington,25,2014,63,70,42,44,37,60,3.8,4
RB,Colet Phileon,23,2012,61,65,66,38,48,47,6.08,3
RB,Bell Fishtiker,25,2013,60,68,60,32,39,45,3.7,2
RB,Michael Carollon,22,2015,51,52,44,29,45,50,1.25,1
RB,Paul White,26,2010,50,49,50,61,30,31,1.9,2
WR,Titly Steven,25,2010,53,59,70,41,60,35,3.75,4
WR,Lenny Longwell,28,2008,61,62,61,33,58,41,2.45,3
WR,Camron Camelia,27,2009,71,68,40,31,60,19,1.8,2
WR,Walter Altoid,23,2014,65,71,41,30,45,30,2.25,4
WR,Jacob Filton,25,2015,61,61,25,20,37,43,1.5,2
WR,Michon Xavier,24,2015,70,71,31,15,18,21,1.5,3
OL,Danny Lockstone,26,2013,75,64,80,75,61,70,5.8,4
OL,Taylor Ronalods,25,2011,68,72,67,78,66,69,7.75,3
OL,Chris Sally,24,2013,68,69,70,76,70,50,2.5,1
OL,Tutties Xanda,24,2014,76,61,50,65,68.43,3.5,2
OL,Eduardo Chillion,25,2010,65,71,62,74,65,70,51,5,4
OL,George Washington,24,2013,67,67,57,77,67,67,1.25,1
OL,John Adams,25,2012,59,65,65,65,55,70,2.25,2
OL,Thomas Jefferson,27,2011,63,63,63,50,65,38,5.7,6
OL,James Madison,30,2008,58,65,61,60,58,58,3,3
OL,James Monroe,33,2005,50,45,56,65,57,56,1.5,2
OL,John Adams,32,2006,51,43,58,61,60,55,1.3,3
OL,Andrew Jackson,31,53,47,56,66,58,49,51,1.1,2
K,Yo Zooda,24,2012,63,80,35,72,63,74,2.7,4
K,Carson Danz,26,2010,61,70,64,68,65,71,2,3
S,Harold Say,23,2013,67,61,73,71,72,63,12.9,5
S,Gabriel Leeson,24,2014,69,70,64,64,62,60,7.75,3
CB,Tiny Little,27,2009,65,67,61,73,68,51,5.5,3
CB,Red Green,26,2012,62,70,62,65,65,60,6,4
CB,Felix Samuel,28,2009,60,65,58,64,64,50,3,2
CB,Quincy Sand,24,2014,50,54,61,63,66,38,1.3,1
CB,Ugene Yolon,27,2012,65,66,59,61,60,30,1.5,2
CB,William Harrison,28,2011,55,45,40,10,58,2,2
DL,De’kent Johnson,25,2013,73,71,70,73,66,70,7,3
DL,Thomas Lopez,23,2015,63,68,65,76,71,61,3,1
DL,Bear Patterson,21,2015,65,81,53,41,68,77,4.25,2
DL,Jessie Lillard,23,2012,55,43,61,58,71,59,2.25,1
DL,Nixon Gary,29,2009,60,54,70,36,65,55,3.75,2
DL,Howard Avin,28,2009,64,41,50,41,50,47,1.75,1
DL,Allen Rodgriguez,27,2011,59,32,45,62,60,40,2.5,2
DL,Terrey Grey,25,2013,81,63,30,20,19,50,3.5,4
LB,Malcom Navaro,23,2014,41,76,65,78,58,62,2,1
LB,Vantiel Sofusha,25,2013,61,70,68,73,61,57,5,4
LB,William Anderson,24,2013,65,71,60,43,50,61,1.5,1
LB,Vince Tail,23,2014,73,41,53,71,30,63,1.35,1
LB,Isaac Oliver,26,2009,60,41,32,40,17,61,2.45,2
LB,Martin Buren,29,2010,59,50,30,35,15,59,1.25,1
END_PLAYERS
######################################################################  Cox
Cayce X HS Cox,COX  
QB,Chadwick Thomason,21,2015,76,63,57,77,65,40,7.5,3
QB,Shaltin Martinez,25,2014,74,50,41,61,54,38,6.5,3
QB,Kenny Ashaad,24,2012,31,71,20,78,61,80,4.75,2
RB,Deshawn Ludwig,25,2012,66,71,78,61,74,83,3,1
RB,Rudolf Neil,24,2013,70,60,63,76,44,50,4,2
RB,John Tyler,25,2012,62,63,52,65,60,62,3,2
RB,Arnesto Noire,22,2014,65,45,60,65,50,53,1.5,1
WR,Lance Carter,25,2013,70,60,51,79,77,73,5.25,3
WR,Richardo Dominguez,24,2014,61,64,48,49,64,69,2.8,2
WR,Bill Hillard,26,2012,80,83,72,75,60,50,3.2,3
WR,Oliver Northwood,23,2015,61,64,48,49,64,69,4.25,4
WR,Jeremy Oak,25,2012,60,52,33,52,44,28,1.15,1
WR,James Polk,27,2011,57,51,31,48,45,25,2,2
OL,Adrian Jexing,27,2009,73,65,71,73,76,60,3,2
OL,Kevin Hooth,23,2014,64,59,70,68,71,64,2.5,2
OL,Manny Tother,23,2015,69,48,61,72,69,68,2.3,2
OL,Christian Baker,24,2011,71,65,60,58,61,62,1.3,1
OL,Utopia Smith,25,2011,60,58,41,60,44,52,1.3,1
OL,Xavier George,22,2015,63,61,50,32,60,21,2.1,2
OL,William Ling,25,2012,60,55,45,28,42,15,5.2,6
OL,Zachary Taylor,26,2011,58,54,46,27,41,14,4.3,5
OL,Millard Fillmore,27,2010,60,56,44,25,40,13,2.4,3
OL,Franklin Pierce,28,2009,59,40,46,37,22,20,3,5
K,Tobey Joshua,22,2015,78,71,61,73,62,71,5.4,3
K,Daniel Carl,24,2013,75,67,64,67,64,68,4.7,3
S,James Petterson,27,2010,76,69,74,72,60.40,6.8,3
S,John Swayne,23,2015,89,61,71,45,50,77,4.9,4
CB,Kami Sensi,27,2011,78,90,90,84,79,63,17.8,5
CB,Marvin Jefferson,23,2014,74,63,62,72,64,40,6.5,3
CB,Zacharia Lillard,24,2013,70,62,52,61,61,45,4.8,3
CB,Jesse Guitierez,22,2015,70,60,41,50,65,20,7.2,6
CB,Peter Hunter,28,2008,50,45,30,25,61,17,3.3,4
CB,James Buchanan,30,2006,52,42,32,22,64,14,1.1,2
DL,Deon Leo,23,2014,82,70,73,68,64,61,8.7,5
DL,Zar Lorin,23,2014,76,73,67,66,71,60,6.9,4
DL,Chuck Posey,24,2012,73,65,58,70,71,42,5,4
DL,Fredrick Ham,26,2012,71,71,61,54,61,53,3.8,2
DL,George Tillerson,23,2015,65,48,41,60,53,48,2.3,2
DL,Abraham Lincoln,24,2014,61,44,46,56,49,53,1.2,1
DL,Andrew Johnson,25,2013,66,50,40,61,53,48,1.1,1
LB,Ulric Hanson,25,2011,76,68,65,71,65,52,9.5,4
LB,Sulley Richardson,24,2012,65,61,57,63,61,62,6.2,3
LB,Brock Shull,23,2014,70,48,67,70,61,42,4.5,2
LB,Larry Deckeright,24,2013,71,52,44,51,45,61,3.1,2
LB,Ulysses Grant,25,2012,69,58,54,45,38,60,2.6,2
LB,Rutherford Hayes,26,2011,70,55,47,40,59,48,3,3
LB,James Garfield,27,2010,69,54,46,39,58,39,1.3,1
LB,Chester Arthur,28,2009,67,59,44,44,56,23,1.2,1
END_PLAYERS
######################################################################  Dragon
Golden HS Dragons,GD
QB,Tyson Bacon,24,2013,76,71,60,67,72,65,5.7,2
QB,Gillard Fishbro,23,2014,74,63,61,63,66,58,3.9,2
QB,Brit Rart,26,2011,71,61,68,65,65,38,3.7,2
RB,Untyler Pillis,24,2013,65,68,71,67,71,60,4,1
RB,Fester Chile,28,2009,60,72,50,61,68,50,3.7,2
RB,Michael Kennedy,29,2009,50,70,61,71,50,40,2.6,3
RB,Homer Seinfeld,24,2014,69,58,70,44,76,68,2.4,3
RB,Quinton Davaris,25,2012,78,72,64,84,61,75,3.3,4
WR,Joshua Vargis,23,2014,74,67,65,83,62,68,8.2,5
WR,Sergio Zenth,26,2010,73,71,64,74,65,60,7.1,4
WR,Oliver Yeezy,25,2011,70,60,55,70,63,54,7,5
WR,Chuck Pistol,25,2012,77,41,48,60,72,68,3.6,3
WR,Christopher Prelier,24,2013,71,80,82,78,80,77,2.8,2
WR,Grover Cleveland,23,2015,65,66,68,61,72,69,2.9,3
OL,Paul Roodulf,27,2010,77,79,81,79,74,76,7.3,4
OL,Clark Bradford,28,2009,75,81,80,74,81,70,6.9,3
OL,Quincy Lillard,23,2014,80,78,65,70,80,79,5.7,2
OL,Wilson Petigrew,25,2013,62,80,79,80,61,51,5.7,4
OL,Abram Wallace,26,2010,75,62,78,81,60,54,2.6,2
OL,Shad Decota,24,2014,71,54,48,63,70,51,1.6,1
OL,Lyson Adrien,24,2013,68,42,37,48,79,41,2.4,2
OL,Lawrence Hernandex,25,2013,67,51,43,71,68,77,3.1,3
OL,Benjamin Harrison,26,2012,66,49,46,70,70,72,4.8,5
OL,Grover Cleveland,23,2015,64,50,45,65,74,71,69,4.3,5
K,Ashley Shakur,26,2011,77,76,80,66,55,78,4.8,2
K,Arnesto Domeno,21,2015,61,54,51,39,60,65,3.8,2
K,Odexius Smithiferd,25,2013,79,71,80,78,74,81,1.1,2
S,Devin Crick,22,2015,81,80,69,70,81,60,12.8,5
S,Carl Lenex,23,2014,77,68,71,65,76,69,7.9,4
S,Mario Castanza,23,2014,77,64,70,69,70,60,5.2,3
S,DesMark Lion Jr III,24,2013,76,61,59,89,65,70,7.9,4
CB,John Likson,25,2012,71,69,60,71,63,77,6.2,4
CB,Marne Zeth,25,2014,76,71,81,69,71,80,5.5,3
CB,Kent Wayne,26,2011,65,70,68,70,65,71,3.2,2
CB,Joe Roger,23,2013,69,72,65,75,64,73,3,2
CB,Pill Link,25,2010,70,61,72,68,71,68,3.9,4
CB,Lee Hardwell,23,2014,75,69,81,80,75,76,1.3,2
DL,Lawrence Law,24,2013,76,71,75,78,71,69,5.9,3
DL,Arnold Dekate,24,2013,76,71,69,61,71,68,5.1,3
DL,Kate Johnson,22,2015,71,65,67,71,65,66,6.8,4
DL,Lenard Jorey,24,2013,71,60,58,64,63,65,4.2,3
DL,Lith CarMichael,23,2014,65,61,55,66,51,48,3.1,2
DL,Jay Frank,22,2015,67,61,57,71,68,58,2.4,3
DL,Mason Semi,21,2015,71,69,60,90,71,4.9,6
DL,Vernin Lithonium,22,2015,66,54,70,50,60,55,3.1,4
DL,Titan Energy,23,2014,68,71,69,60,90,71,1.8,3
LB,James Pie,24,2013,70,61,58,83,65,6.4,4
LB,King Wright,25,2012,65,71,45,61,79,50,4.8,3
LB,Earl Jackson,21,2015,60,68,70,55,81,48,4.9,3
LB,Christian Tyson,24,2013,71,60,45,44,69,30,2.8,2
LB,Ginn Teach,24,2013,71,60,45,44,69,30,4.1,4
LB,William McKinney,30,2007,67,57,67,27,50,30,4.5,5
LB,Theodore Roosevelt,23,2014,79,48,63,31,37,22,2.3,3
LB,William Taft,25,2013,68,58,67,38,45,21,1,2
END_PLAYERS
######################################################################  Turtles
Davinci HS Turtles,DT
QB,Rudy Sither,23,2013,84,65,73,59,78,54,12.4,6
QB,Daniel Axis,27,2010,75,60,74,61,67,39,5.2,3
QB,Leeson Cinnamon,21,2015,68,80,70,59,60,40,6.3,4
QB,Richard Barnax,23,2013,70,65,67,40,55,38,2.1,3
RB,Pete Lopez,24,2012,77,71,68,71,40,30,5.4,3
RB,Berry Jackie,23,2013,78,67,81,65,41,28,2.2,2
RB,Kent Roddin,22,2015,67,70,69,60,51,32,2.1,2
RB,Simon Pride,21,2015,72,63,58,65,41,18,4.7,5
RB,Luna Chilley,27,2011,70,61,45,71,30,20,3.5,4
WR,Regionald Ply,24,2013,61,71,60,79,45,38,3.4,2
WR,Gary Bill,23,2014,50,60,51,67,50,41,4.5,3
WR,Michael Angel,22,2015,72,60,44,70,35,40,4.4,3
WR,Mario Lenntle,25,2014,70,65,45,65,30,20,3.3,3
WR,Fauna Rose,23,2013,61,68,71,45,38,60,2.8,3
WR,William Cantin,26,2010,64,58,49,33,50,60,1.1,2
OL,Cherman Lilly,24,2014,89,73,80,63,75,68,8.9,5
OL,Johnathan Boat,23,2014,73,65,71,67,73,64,4.2,2
OL,Harold Garnard,21,2015,71,70,68,59,71,66,7.3,4
OL,Dian Einstien,24,2013,77,65,61,70,54,60,3.8,2
OL,Ron Niel,22,2014,69,70,58,63,49,43,4.7,3
OL,Joel Chu,21,2015,77,41,39,70,29,45,3.7,2
OL,Chance Stephrot,27,2011,67,59,29,50,63,21,3.8,3
OL,Woodrow Wilson,26,2012,65,57,26,45,60,22,2.7,3
OL,Warren Harding,24,2014,59,56,27,46,58,23,4.8,6
OL,Calvin Coolidge,26,2011,54,62,34,51,34,21,3.2,5
OL,Herbert Hoover,25,2012,55,61,31,45,32,21,1.2,3
K,Jaden Ulin,25,2011,70,41,39,78,61,70,3.4,2
K,Willard Ford,23,2014,68,71,66,65,71,66,2.3,3
S,Tupac Black,24,2012,71,69,74,71,60,61,3.8,1
S,Sean Push,21,2015,68,59,78,68,59,70,2.8,2
S,Kieth Daniel,27,2010,70,64,60,57,61,55,2.1,2
CB,Connor Vizor,26,2010,74,67,68,64,68,45,4.8,3
CB,Drake Kluvion,25,2011,68,59,61,65,70,50,3.2,2
CB,Wisker Wine,23,2013,60,65,40,58,60,37,3.9,3
CB,Black Wait,24,2012,61,45,50,60,50,49,2.4,2
CB,Jameson Anderson,23,2013,67,48,50,77,50,48,2.6,3
CB,Tory Crytuff,30,2004,60,50,38,47,41,38,2.3,3
DL,Leroy Uste,23,2014,72,67,59,76,60,59,5.7,3
DL,Carlos Supply,33,2005,70,66,54,61,55,41,5.5,3
DL,Finnigan Bale,23,2015,64,71,61,58,60,61,4.6,3
DL,Cassidy Lox,22,2014,61,58,69,68,45,46,4.8,4
DL,Gabriel Shollin,27,2010,63,64,50,51,60,71,5.7,5
DL,Julian Ganiste,25,2012,70,60,41,48,33,20,4.4,4
DL,Gant Zeken,28,2009,68,45,39,39,46,30,1.3,1
DL,Franklin Roosevelt,24,2014,43,38,45,34,42,59,1.2,1
LB,Alex Ben,31,2007,80,79,68,77,72,63,3.7,2
LB,Pula Gota,23,2014,71,68,71,59,70,61,7.9,5
LB,Bumpee Dee,24,2013,65,64,59,65,46,60,4.8,3
LB,Michael Shadrack,28,2009,70,59,70,66,51,41,6.9,4
LB,Joelee Brady,33,2006,68,80,54,60,55,47,1.4,1
LB,Harry Truman,26,2012,76,67,69,50,56,43,1.8,2
LB,Dwight Eisenhower,25,2013,68,56,49,50,43,36,2.3,3
END_PLAYERS
######################################################################  Bikes
Rosa Parks Bicycles,RPB
QB,Martine Crown,22,2015,89,84,78,80,73,72,5.8,2
QB,Paul AAlexande,21,2015,80,75,66,67,71,65,3.4,1
QB,Michael King Jr,25,2013,70,61,70,80,67,61,8.9,4
RB,Cody Sam,27,2011,60,72,81,71,80,68,9.9,4
RB,Snow Smith,24,2013,72,69,78,71,78,62,4.5,2
RB,Shawn Wilken,26,2011,68,65,71,67,80,60,3.8,2
WR,John Pop,30,2006,70,66,79,85,79,68,14.9,4
WR,Joe Yebad,30,2006,90,88,70,81,78,66,12.3,3
WR,Sun Car,25,2011,75,66,71,61,60,51,4.9,2
WR,Moon Duss,23,2014,67,60,53,60,70,25,1.9,1
WR,Emmit Rider,24,2014,58,61,58,59,60,37,2.8,2
WR,Jet Wet,21,2015,68,70,37,41,73,36,1.5,1
OL,Malcom Jabrawl,23,2014,80,71,64,71,78,82,6.9,2
OL,Byron Bryant,21,2015,81,73,60,69,67,85,4.1,2
OL,Sir Ivy,26,2012,78,69,57,78,69,77,3.3,2
OL,Kanye East,25,2013,74,63,59,70,60,80,4.9,3
OL,Cesar Rose,27,2010,80,60,55,68,51,79,5.7,4
OL,Kim Sue,22,2014,67,66,71,70,59,53,6.8,5
OL,Amber Ray,22,2014,67,66,71,70,55,60,5,4
OL,John Kennedy,32,2005,61,81,54,68,34,29,2.3,2
OL,Lyndon Johnson,28,2009,66,79,65,45,31,21,1.9,2
OL,Richard Nixon,26,2011,67,43,44,21,34,56,1,1
K,Brady Brown,21,2015,78,68,80,70,68,59,2.1,1
K,Vaugn Board,25,2011,67,61,60,65,60,39,3.9,4
S,Verse Sis,23,2014,79,68,80,70,68,59,6.7,3
S,Me Hun,26,2010,77,69,75,69,70,39,2.9,2
CB,Henry Maison,28,2009,81,70,66,72,75,60,8.9,5
CB,Chuck Bink,26,2011,79,64,71,65,70,50,6,5
CB,Pent Lervario,28,2008,68,65,65,71,60,49,3,2
CB,Lyson Davis,29,2007,71,66,48,61,62,51,5.9,5
CB,Marious LavCole,28,2007,71,66,48,61,62,51,1.8,2
CB,Gerald Ford,28,2007,76,59,57,43,51,49,3.9,4
DL,Avion Bink,27,2012,86,77,72,68,67,71,7.2,5
DL,Bob Thornrose,22,2015,71,68,70,71,64,73,3.7,2
DL,Sity Daen,25,2013,70,69,67,70,48,75,4.9,3
DL,Will Owl,24,2014,80,71,56,64,51,69,2.6,1
DL,Tavion Ashtoney,27,2009,71,60,53,60,50,61,1.9,1
DL,Talion Suesh,25,2013,69,54,48,51,37,67,4.2,3
DL,Jimmy Carter,26,2012,68,55,43,44,37,46,2.8,3
DL,George Bush,28,2010,58,44,38,43,37,37,1.1,1
LB,Yrellion Breeza,25,2013,72,67,58,72,63,54,2.3,1
LB,Nguyen Holiday,31,2005,76,61,51,71,61,47,5,4
LB,McCollough Johnson,28,2009,77,63,54,69,61,40,3.6,2
LB,Chad PPerr,24,2013,65,69,59,58,43,38,2,1
LB,Astro Willard,22,2014,71,54,38,51,40,20,1.3,2
LB,Donavan Castro,23,2014,61,50,40,38,30,28,1.1,2
LB,Bill Clinton,31,2004,67,45,43,29,43,48,1.3,3
LB,Barack Obama,30,2006,59,69,43,22,21,28,1.9,4
END_PLAYERS
######################################################################  Knights
Private Academy Knights,PAK
QB,Doug Chan,25,2013,83,71,68,75,57,59,9,3
QB,Bale Inth,23,2014,79,64,70,61,60,51,5.8,2
QB,Diamond Love,23,2014,76,69,60,65,43,69,3.5,2
RB,Klemon Mendoza,28,2009,73,67,83,80,69,72,6.7,2
RB,Berry Road,24,2013,70,60,75,76,65,68,4.3,2
RB,Paul Thessolonian,27,2011,68,76,54,50,71,65,1.6,1
RB,John Ruth,26,2011,68,76,54,50,71,63,1.9,2
WR,Matt Cut,25,2013,70,81,70,80,67,59,3.9,2
WR,Danny Bishop,23,2014,69,72,73,76,71,65,4.6,3
WR,Cris Genie,23,2015,72,68,58,70,68,69,2.8,2
WR,Carl Sis,22,2015,67,71,61,76,70,54,4.9,5
WR,Peter New,24,2014,70,61,58,61,62,40,3.7,4
WR,Mark Cousin,23,2014,81,50,61,59,41,32,1.1,2
OL,Robert God,22,2015,83,67,71,76,80,77,14.9,6
OL,Dill Pick,23,2014,80,71,75,70,71,76,4.8,2
OL,Clark Doge,27,2012,81,69,70,70,71,76,8.9,5
OL,Stew Potato,24,2013,77,70,61,72,68,78,6,4
OL,Chuck Brother,25,2012,71,67,69,68,70,73,4.2,3
OL,Zeron Pluse,24,2014,76,70,70,68,69,70,3.8,3
OL,Ishmael David,24,2013,73,69,60,65,61,65,2.3,2
OL,Donald Trump,24,2014,79,58,76,53,54,60,1.7,2
OL,George Bush Jr,25,2013,68,77,46,42,44,31,1.2,2
OL,George Carver,23,2015,89,43,69,32,31,29,1.9,3
K,Aken Python,27,2009,81,67,71,80,71,80,7.9,5
K,Seth Serplin,21,2015,78,69,67,78,77,74,3.1,2
K,Joe Cash,32,2005,80,66,70,71,68,72,1.6,2
S,Semon Duckworth,25,2012,76,69,77,80,71,69,6.3,4
S,Daryl Dixon,21,2015,70,78,61,65,70,60,3.6,3
CB,Smith Black,28,2009,80,79,65,74,69,73,8.9,6
CB,Alrick Richardson,26,2011,75,77,61,68,72,59,2.4,1
CB,Patrick Richardson,28,2008,70,69,59,71,61,70,7.9,7
CB,Lysal Linister,23,2014,67,65,58,70,48,50,1.4,1
CB,Cameron Yellow,22,2015,65,71,61,60,55,60,1.2,1
CB,Jill Shine,25,2013,61,65,51,61,70,50,3.6,4
DL,Mathew Glass,26,2012,70,61,63,69,75,68,4.8,2
DL,Greg Genesis,24,2013,76,58,69,71,50,67,1.9,1
DL,Timion King,25,2011,80,60,49,59,60,58,3.2,2
DL,Revel Kim,21,2015,69,40,58,41,50,55,4.1,3
DL,Juda Joshua,24,2014,69,54,58,71,41,48,4.4,4
DL,Simon Rueben,23,2014,61,65,65,65,50,40,3.1,3
DL,Pop Lexington,22,2015,69,40,58,41,50,38,2.2,3
DL,Alex Judge,24,2012,60,40,50,50,29,30,1.2,2
LB,Emitt Bob,23,2014,68,75,69,70,69,61,6.7,4
LB,Shark Pinky,25,2012,71,69,51,58,75,60,2.9,1
LB,Bless Dalesha,24,2013,68,59,60,70,60,60,2.4,1
LB,Ashley Plex,26,2009,59,65,50,38,58,40,3.6,3
LB,Love Sue,27,2008,63,61,43,29,38,29,2.3,2
LB,Sergio Sue,31,2005,61,58,59,34,29,21,1.9,2
LB,Raymond Mick,25,2012,50,48,29,20,19,26,2,3
END_PLAYERS
######################################################################  Whales
Saint Jacob Whales,SJW
QB,Lit Artfird,23,2015,83,75,55,68,79,84,4.5,2
QB,Load Ghit,30,2007,65,76,46,70,63,70,3.6,2
QB,Logan Arby,26,2011,70,66,51,70,51,43,2.7,2
RB,Creed Moore,21,2015,65,50,40,58,71,62,3.9,2
RB,Main Stron,21,2015,61,52,29,29,69,70,4.9,4
RB,Shell King,25,2012,61,48,39,57,67,66,2.8,2
RB,Bruce Whisky,24,2015,64,50,29,29,69,70,3.2,3
RB,Red McDonald,26,2010,56,60,25,30,64,57,1.8,2
WR,Caleb Niedwald,23,2013,81,80,50,65,73,63,5.6,3
WR,Kyle Cross,29,2006,83,75,60,71,69,55,4.1,2
WR,Antonio Marcus,26,2010,78,71,60,70,65,49,1.3,1
WR,Agnis Parkway,26,2011,80,70,59,60,71,50,2.5,2
WR,Connor Cola,25,2012,75,68,60,66,70,48,2.3,2
WR,Dayton Bridge,23,2015,68,65,48,71,60,55,1,1
WR,Randy Yarrington,24,2014,61,50,61,71,48,50,1.9,2
OL,Tom Exit,23,2015,76,70,65,67,69,71,7.9,5
OL,Silver Ambient 24,2013,70,68,59,65,58,76,8,5
OL,Chuck Nash,25,2012,72,68,58,56,60,67,5.8,3
OL,Isaac Stationer,22,2015,69,57,40,60,50,77,3.4,2
OL,Hotel River,24,2014,68,60,41,55,60,56,4.7,3
OL,Aquarena Sping,26,2013,67,53,48,60,41,54,3.7,3
OL,Luke Bastrop,29,2009,62,50,50,30,61,58,1.2,1
OL,Lockhart Freebird,24,2014,61,47,41,50,25,67,2.6,3
OL,Howard Johnson,28,2009,62,50,50,30,58,59,2.9,4
K,Carl Seguin,29,2014,73,67,61,73,77,69,2.6,2
K,Chris Allen,23,2015,75,71,58,69,72,68,1,1
S,Wentz Lobster,24,2014,70,60,69,64,76,70,7.4,3
S,Gale Wonder,23,2015,78,51,45,70,68,59,3.8,2
S,Carlos Wimberly,22,2015,76,70,69,59,60,50,1.8,3
CB,Lewis McCarty,36,2003,69,71,50,65,73,76,6.4,4
CB,Usher Hillroad,24,2015,70,65,45,70,68,59,5.9,3
CB,Cardi Lanedown,22,2015,68,59,48,50,69,49,2.6,2
CB,Bob Statebus,32,2004,61,49,40,52,71,30,3.5,3
CB,Ramjeep Centerpoint,26,2011,58,37,31,48,1.6,2
CB,Derrick X,25,2014,49,66,43,33,26,32,1.2,2
DL,Walton Blue,28,2009,70,65,66,69,71,59,7.8,4
DL,Sam Heartpurple,21,2015,76,61,68,70,61,60,4,2
DL,Bill Bell,29,2008,70,59,71,58,69,63,5.9,3
DL,Creek York,25,2013,69,57,66,59,64,51,2.2,1
DL,Coral Lanez,24,2015,72,63,70,54,63,54,9.9,5
DL,Nevan York,27,2009,73,64,66,58,60,51,11,6
DL,Creek Klimintine,23,2014,70,69,50,48,60,51,2.2,1
DL,Eric X,31,2007,68,49,67,57,51,35,1.3,1
LB,Watson O’Brian,22,2015,69,83,78,60,59,60,9,5
LB,Conrad Khole,25,2013,71,68,54,71,60,72,7.2,4
LB,Trunks Andy,28,2008,75,70,50,69,54,71,3.7,2
LB,Brad Canyon,24,2015,65,68,70,61,53,50,5.4,3
LB,Titan Creeksite,29,2009,70,63,59,63,48,60,2.1,2
LB,Schillterbahn Deo,25,2013,70,64,63,58,49,60,1,1
LB,Fredrick X,32,2007,58,59,65,54,48,31,1.7,2
LB,Greg X,27,2013,59,47,52,57,41,31,3.8,4
LB,Herris X,31,2009,68,39,48,67,49,53,1.4,2
END_PLAYERS
######################################################################  Rhinos
Learning Center Rhinos,LCR
QB,Jeff McQueeny,26,2012,71,62,50,61,50,30,13,6
QB,Daisy Hut,22,2015,63,51,47,49,63,31,2.8,1
QB,Sam Bib,23,2014,61,58,41,60,40,23,5.6,2
QB,Alvon Walnut,25,2013,59,60,28,63,24,61,1.4,1
RB,Solms Anthony,24,2014,61,42,57,41,52,56,4.4,3
RB,Eugiene Ritas,27,2010,60,38,48,60,34,41,3.6,2
RB,Acker Paving,28,2009,62,43,39,50,39,37,2.3,2
RB,Bridget Melvin,24,2013,51,60,30,47,50,30,1.1,1
RB,Magnolia Herd,27,2010,63,47,48,39,40,35,1.7,2
WR,Lion Psy,26,2012,64,69,66,42,61,49,3.4,2
WR,Caleb Herburlos,34,2006,60,71,31,45,41,27,2.9,2
WR,Steve Creek,26,2013,71,40,39,56,61,20,5.8,4
WR,Cavern Four,28,2009,60,48,29,48,56,31,3.9,3
WR,Abram X,25,2014,67,43,22,36,48,44,2.2,2
WR,Sagin X,28,2011,60,42,57,23,21,33,1.9,2
OL,Danny Wiederstien,26,2011,70,51,60,76,40,45,4.9,2
OL,Park Riven,27,2011,70,51,60,76,40,45,3.1,1
OL,Cane Shertz,24,2013,68,54,62,65,51,30,9.4,4
OL,Basse Ridge,22,2015,57,62,61,59,48,31,4.3,3
OL,Olympia Chilli,21,2016,61,53,54,55,41,28,9.8,5
OL,Bexar Loob,23,2014,54,48,40,38,40,31,3.5,2
OL,Pal Booker,27,2010,60,51,37,39,40,50,2.8,2
OL,Anderson Selma,27,2009,60,51,37,39,40,50,1.7,2
K,Randolph Topperwein,22,2015,61,60,47,60,68,65,3.2,2
K,Bovina Xania,26,2011,65,40,51,59,63,67,1.6,2
K,Warzbach O’Connor,25,2012,65,51,47,61,48,59,1.3,3
S,Morgan Star,26,2012,78,59,72,64,71,75,6.2,2
S,Pike Way,29,2008,69,64,70,60,73,69,4.3,2
S,Boss Law,26,2011,71,60,68,54,71,67,8.4,5
CB,Terrence Starlight,29,2009,67,69,49,61,70,71,4.6,2
CB,Lance Ambu,28,2009,68,54,42,60,67,68,3.8,2
CB,Merg Right,26,2010,61,55,40,57,60,67,2.4,2
CB,Obey Worn,28,2010,64,48,50,41,62,60,4,3
CB,Bing Oaks,26,2012,68,47,30,40,58,62,5,4
CB,Wizard Jim,24,2014,67,46,31,48,64,43,3.6,3
DL,Thousand Windcrest,27,2011,84,76,81,81,87,64,8.8,3
DL,Connally Lopez,36,2004,78,69,54,82,83,59,4.3,2
DL,Alamo Thrive,27,2010,80,68,65,79,71,73,6.9,4
DL,Antonio South,23,2014,76,70,66,69,71,80,7.2,5
DL,Ruben Glass,29,2009,77,69,70,80,71,68,3.3,2
DL,Samuel Les,32,2007,76,71,67,77,60,71,2.7,2
LB,May Ice,23,2015,77,70,54,71,76,64,5.7,2
LB,Perrin Betel,24,2014,78,70,49,72,69,66,4.5,1
LB,McArthur Park,23,2014,71,65,66,71,70,51,3.2,1
LB,Carl Budget,24,2013,70,66,50,72,70,60,4.3,2
LB,Shut Down,23,2013,72,63,55,71,68,72,4.8,3
LB,Highway Pedro,28,2009,67,53,64,68,55,40,4.1,3
END_PLAYERS
######################################################################  Ranchers
County Hieght HS Ranchers,CHR
QB,Bob Jeffrey,23,2014,71,57,60,75,71,62,4.5,1
QB,Christopher Shakur,27,2011,68,72,64,70,65,66,2.8,1
RB,Donte Charles,32,2006,73,58,60,68,54,67,3.9,1
RB,Franklin George,24,2013,65,60,57,58,60,54,4.7,2
RB,Paul Saggent,26,2011,61,57,60,61,54,49,5.9,3
RB,Sergio Lamont,24,2014,59,60,54,63,75,71,2.3,1
WR,Pablo Diaz,22,2015,73,64,59,63,75,71,7.2,3
WR,Tom Conneticuit,31,2008,69,60,61,62,71,68,3.4,1
WR,Wale Floral,33,2008,66,70,60,54,70,66,3.9,1
WR,Samuel Paple,34,2007,70,61,60,48,60,67,4.6,2
WR,Blue Purlple,28,2010,63,60,48,60,55,67,6.9,3
WR,Bob Bee,30,2009,70,54,44,50,62,66,2.1,1
OL,Thomas Hattington,29,2010,65,59,70,71,60,70,4.6,2
OL,Billy Reshard,31,2009,70,61,44,68,63,69,2.1,1
OL,Jeremy Johnson,27,2012,63,70,50,67,64,71,2.1,1
OL,Donald Washington,24,2013,74,60,55,60,58,66,8.4,3
OL,Anthony Lewis,22,2015,71,68,41,60,49,65,2.6,1
OL,Shameek Falaunt,24,2014,67,60,66,70,40,50,4.5,2
OL,Stephon Gids,26,2012,63,66,54,61,60,55,1.7,1
OL,Carl Gids,22,2015,65,42,38,50,48,37,2.1,2
OL,Zachary Gids,25,2012,60,41,50,44,42,39,3.3,3
OL,Pluto Malaki,25,2013,55,37,41,49,60,29,1.1,2
K,Horus Temith,27,2011,70,69,70,68,70,54,2.8,2
K,Joshua Humprees,22,2015,64,68,54,50,55,60,1.2,1
S,Tyler Should,22,2015,67,66,54,80,72,68,3.6,2
S,Bulic Deondre,25,2012,65,60,49,67,57,63,4.9,3
CB,Cryon Prince,23,2014,71,66,54,49,62,44,7.8,4
CB,Lithington Cattlebred,24,2013,50,60,37,52,40,55,6.9,3
CB,Jonavan Tissue,25,2014,65,70,66,41,38,50,3.7,2
CB,Greg Demo,27,2012,49,45,73,64,68,70,2.3,1
CB,Dorish Dude,26,2013,50,60,37,52,40,55,1.6,1
CB,Sanderson Nissan,21,2015,60,28,32,39,41,50,1.9,2
DL,Wilson Hundai,28,2010,68,79,60,72,60,44,3.2,1
DL,Josh Fort,32,2007,70,67,64,63,70,61,4.9,2
DL,Alex Sporty,31,2008,66,70,61,63,70,64,66,2.2,1
DL,Deshawn Wikerson,30,2008,65,63,61,68,50,55,6.7,3
DL,Danny Patherson,32,2009,60,70,50,49,60,59,8,5
DL,Donda Laughter,33,2006,58,60,63,41,48,62,1.7,1
DL,Missiyon Cole,34,2005,60,57,60,39,40,58,1.6,1
DL,Darco Silk,27,2013,60,62,44,40,32,48,2.1,3
LB,Jack Jet,32,2008,66,67,69,74,68,66,3.1,1
LB,Ross Bishop,28,2012,68,72,71,68,70,50,4.9,2
LB,Peter DuBoise,26,2013,70,71,60,57,60,63,6.8,3
LB,Bruce Jordan,24,2013,61,49,58,70,66,42,4.5,2
LB,Philp Thorton,25,2013,62,59,60,72,60,38,1.8,1
LB,Tod Little,21,2015,63,70,64,50,49,40,4.9,3
LB,Isiah Ezekiel,23,2015,60,50,48,44,50,40,2.7,2
LB,Troy Deuteronomy,26,2012,62,60,44,38,22,54,1.2,1
END_PLAYERS
######################################################################  Boots
Sr. Chop Shop Carl HS Boots,SCB
QB,Trey Ashting,27,2011,68,72,66,70,69,69,3.2,1
QB,Jackie Christmas,25,2012,70,65,70,66,63,40,5.9,2
RB,Jovan Kennidy,21,2015,65,68,50,70,58,60,6.7,3
RB,Louis Quish,28,2009,68,59,60,68,60,53,7,4
RB,Gill Houston,32,2006 64,60,43,62,53,48,2.9,2
RB,Ryan Sim,33,2005,49,60,48,53,54,49,1,2
WR,Kaleb Bash,32,2006,72,68,69,73,68,83,4.1,1
WR,Corey Mountain,30,2009,70,66,60,71,66,59,3.7,1
WR,Darry Nathaniel,29,2010,69,70,60,68,60,49,6.5,3
WR,Bale Walnut,31,2008,60,72,55,63,67,56,4.7,2
WR,Qlem Craig,25,2011,58,60,49,60,44,60,3.9,2
WR,Gunner Richardson,26,2011,58,60,49,60,44,60,4.8,3
OL,Jose Fisted,27,2009,63,66,58,53,69,72,4.5,1
OL,Lawrence Ricardo,24,2014,65,60,49,60,63,60,3.5,1
OL,Bryant Pibbles,31,2008,68,59,60,49,60,58,4.9,1
OL,Cat Delay,33,2006,67,66,50,58,40,39,5,1
OL,Manuel Star,27,2010,62,60,40,44,37,60,7,3
OL,Timothy Luster,25,2012,59,60,45,60,57,48,8,4
OL,Orlando Disap,27,2010,66,41,37,60,29,32,7.3,4
OL,Ethan Lilien,28,2009,60,50,21,32,60,24,2.3,2
OL,Zachary Corster,22,2015,50,62,28,30,24,37,1.1,1
OL,Patrick Harrison,23,2014,48,37,60,54,53,52,1,2
K,Donatella Auna,24,2013,59,52,61,56,68,39,4,3
K,Aristicrap Finnigan,25,2013,68,32,60,48,50,31,1,2
S,Mark Jacob,26,2013,61,58,49,65,60,44,3.2,1
S,Sean Clock,27,2012,58,61,44,61,49,32,5.8,2
CB,Karma Anderson,31,2009,60,71,50,48,69,44,2.9,1
CB,Count Devoieh,28,2011,62,70,39,42,72,38,4.7,2
CB,Quinton Liemon,29,2010,49,69,44,53,62,50,4.3,2
CB,Chad Wick,33,2007,60,58,60,44,48,39,2.2,1
CB,Triston James,34,2006,60,44,33,41,60,28,3.9,2
CB,Brett Semi,32,2005,61,43,39,28,70,18,1.3,1
OL,Brad Pegion,34,2004,66,61,62,65,58,67,5.1,2
OL,Carlos Logan,30,2009,60,68,60,60,62,49,12.1,5
OL,Daniel Savings,27,2011,60,70,51,61,60,50,6.9,3
OL,Lincoln Washington,22,2015,54,64,48,44,54,44,6.7,3
OL,Benjamin Grant,24,2013,70,62,40,50,38,51,4.3,2
OL,Jackson Jefferson,26,2012,58,63,60,49,29,48,2.1,1
OL,Kennedy Roosevelt,28,2010,65,55,45,55,52,50,1.8,2
OL,Tony Glass,22,2015,62,48,40,37,30,29,4.9,5
LB,Chiles Floorswept,25,2013,60,37,29,40,27,30,12.6,5
LB,Ivy Pattern,24,2014,66,61,77,68,70,66,3.9,1
LB,Charles Brick,23,2015,68,72,61,50,60,70,3.7,1
LB,Shaun Ginthic,22,2015,72,60,55,41,61,63,8.4,3
LB,Popty Art,23,2014,74,51,49,38,64,38,3,2
LB,Gush Gina,25,2013,30,48,60,29,61,40,2,2
LB,Comrad Chuckie,26,2011,51,60,44,18,60,39,1,2
END_PLAYERS
######################################################################  Palace 
Pussy Cat HS Palace,PCP 
QB,Cold Finace,27,2011,63,54,68,71,59,69,6.9,4
QB,Fet Bletch,28,2010,61,58,49,60,58,66,4.8,3
QB,Joey Kit,22,2015,66,87,30,44,50,43,5,4
RB,Caldrin Belmont,24,2013,60,75,48,66,69,74,10.5,4
RB,Terry Jefthrow,31,2009,60,59,51,73,66,61,3.9,2
RB,Katheneth Guy,32,2008,57,69,48,65,66,70,2,1
RB,Laser Boron,29,2011,60,71,62,48,60,58,3.1,2
WR,Will Smith,21,2015,70,74,68,59,75,66,9.6,3
WR,Lenny Tyson,28,2010,68,72,65,60,70,61,2.8,1
WR,Tubbard Lilion,29,2009,66,65,54,50,48,60,4.2,2
WR,Tyson Jay,33,2006,49,60,54,42,61,44,1.9,1
WR,Jaden Mislow,23,2015,61,55,48,40,63,38,2.2,2
WR,Jet Eye,24,2014,60,29,45,60,33,40,3,4
OL,Push Sam,27,2010,65,66,70,77,80,78,12.7,4
OL,Tomroy Kent,31,2007,55,60,61,70,68,77,5.6,2
OL,Earl Sent,32,2005,60,61,55,68,71,66,2.4,1
OL,Patient Plum,32,2003,50,69,40,61,66,60,1.9,1
OL,Sion Simba,30,2005,44,49,40,70,60,55,3.8,2
OL,Kendrick Drew,29,2009,60,50,33,58,59,60,5.9,4
OL,Math Work,22,2015,63,54,55,48,60,54,3.7,3
OL,Giovany Light,27,2008,70,50,48,37,60,41,2.5,2
OL,Michon Piddle,24,2013,60,48,20,30,44,28,1.3,1
K,Emerson Flame,31,2006,48,60,30,25,20,31,4.8,3
K,Fernando Collens,31,2009,50,61,48,51,66,58,2.1,2
K,Brasser Chillion,27,2011,60,48,44,50,61,40,1.1,3
S,Trent Cole,25,2013,60,66,51,61,53,63,2.8,2
S,Donte Farshot,26,2012,58,54,48,60,61,1.3,1
CB,Jay Kist,27,2011,54,60,54,66,47,55,4.4,3
CB,Perry Atlis,28,2010,65,45,48,48,37,60,8.0,5
CB,Sonet St Mongomer,31,2008,63,40,37,31,38,40,2.2,1
CB,Robert Joel,33,2006,40,61,51,33,38,45,1.8,1
CB,Jonathan Terriar,34,2005,60,38,29,30,40,37,1.6,1
CB,Michigan Gains,27,2009,68,25,30,48,37,60,3.3,3
DL,Tyler James,22,2015,64,58,60,55,60,66,4.7,2
DL,Dustin Hall,28,2009,66,38,42,56,32,60,6.9,3
DL,Justin Vaise,32,2007,61,45,45,30,60,50,2.5,1
DL,Paul Gabs,29,2010,60,54,45,38,30,29,3.4,2
DL,Ethan Jab,27,2012,59,45,40,38,27,30,6.8,4
DL,Tony McBeth,33,2005,50,45,40,38,41,30,1.6,1
DL,Morgan Pie,31,2008,63,40,37,41,28,30,3.2,3
DL,Ganion Kite,29,2011,61,60,40,29,22,30,4.8,5
LB,Timmy Jorge,32,2007,60,65,48,72,46,78,5.3,2
LB,Craig Bic,25,2012,68,57,60,64,50,67,6.9,3
LB,Harold Stan,28,2009,60,49,50,66,44,69,2.2,1
LB,Pillion Taco,27,2010,58,37,44,29,30,40,5.6,3
LB,Quincy Tongue,22,2015,60,29,30,27,50,45,1.9,1
LB,Richard Grint,25,2012,50,48,37,29,30,20,1.2,1
LB,Drake Tree,26,2011,54,43,37,33,22,20,15,1,1
END_PLAYERS
######################################################################  Cardinals
St.John HS Cardinals,SJC
QB,Adam Florida,27,2012,70,68,54,59,73,70,13,4
QB,Dick Handle,21,2015,71,73,61,63,68,69,6.8,2
RB,Genthro Cassidy,31,2009,77,68,75,69,60,66,6,2
RB,Kant Plight,34,2006,75,65,68,71,63,70,1.9,1
RB,Camal Simon,27,2012,70,66,71,64,65,66,6.9,3
RB,Preach Deckaro,22,2015,68,73,64,70,71,54,4.9,3
RB,Shimmy Sheen,23,2014,67,71,59,68,58,60,3.1,2
WR,Jimmy Tie,27,2011,65,67,71,50,64,65,4.7,2
WR,Hue Gene,28,2010,72,55,61,48,59,55,6.7,3
WR,Gald MaxWell,22,2015,60,60,53,50,44,38,3.8,2
WR,David King,24,2013,58,45,48,41,38,50,2.9,4
WR,Obed Exodus,26,2011,49,51,52,51,37,29,1.9,3
WR,Muhamed X,25,2013,61,28 40,35,40,44,1,2
WR,Carl Finn,22,2015,63,20,50,38,29,30,1,3
OL,Prey Soilder,28,2011,74,59,72,70,75,68,6.2,2
OL,Cam Vick,32,2005,72,65,60,65,67,63,2.8,1
OL,Julios Pent,28,2010,69,45,55,68,60,59,6.9,3
OL,Arnest Torranian,29,2009,68,53,48,70,49,66,2.5,1
OL,Cyco Dit,31,2006,65,59,39,60,50,55,1.9,1
OL,Massacus Dan,32,2006,73,60,40,50,48,30,3.6,2
OL,Clameron Jenkins,30,2007,68,70,30,45,20,33,3.4,2
OL,Andre Dedly,30,2008,65,38,28,46,30,30,4.7,3
OL,Frank Castle,32,2006,71,21,45,41,28,30,2.4,1
OL,Carl Juliony,28,2009,70,50,41,26,29,30,4.9,4
K,Koliu White,27,2010,61,57,47,57,65,66,1.9,2
K,Diego Swish,23,2015,56,38,45,55,60,50,1.1,3
S,Kobe Anthony,24,2014,60,54,48,58,49,65,3.3,2
S,Carson Soul,26,2012,49,50,66,39,31,58,2.8,2
CB,Bas Moon,25,2013,60,55,57,40,38,67,9.8,3
CB,Rob Smith,26,2012,55,60,38,45,47,55,7.2,2
CB,Ronald John,22,2015,56,55,60,26,30,57,5.9,2
CB,Landon Jason,25,2013,70,51,39,20,25,60,14.9,6
CB,Larry Gore,26,2012,28,42,33,34,27,22,1.4,3
CB,Tip Tippy,28,2010,32,21,29,31,27,17,1,3
DL,Arnold Chain,32,2006,66,58,47,69,67,51,9.2,3
DL,Bush Plant,33,2007,60,55,45,61,56,40,3.4,1
DL,Joey Fance,31,2007,63,46,37,60,50,39,6.9,2
DL,Doug Tree,29,2010,61,41,50,45,39,29,7.9,4
DL,Ned Sick,27,2011,50,48,37,40,30,41,5,3
DL,Bart Simees,22,2015,48,44,32,37,40,42,2.2,2
DL,Ogee House,25,2012,58,32,31,27,28,13,1.8,2
DL,Bat Lion,26,2011,45,26,22,40,21,20,1,2
LB,Black Bear,25,2012,74,68,75,79,75,72,19.9,4
LB,Mathew Domino,28,2009,55,60,44,32,48,38,6.9,2
LB,Simon Juda,24,2014,47,61,66,41,30,28,3.1,1
LB,Ryan Bethiferd,23,2015,31,27,56,55,48,43,2.1,1
LB,Piddly Miss,25,2012,37,45,60,56,41,44,3,2
LB,Jafar Titan,28,2009,45,32,28,27,42,38,1.1,2
END_PLAYERS
######################################################################  Flames
Fredrick Demoose HS Flames,FDF
QB,Dex Cudi,26,2012,58,50,61,49,47,62,9,4
QB,Paul Thrint,31,2009,57,48,57,50,37,58,5,3
RB,Akin Job,28,2011,62,44,51,50,66,64,6.8,2
RB,Samuel Dice,34,2004,51,54,48,49,60,59,2.6,1
RB,Krion Zath,26,2013,60,50,44,37,52,63,5.9,3
RB,Moses Dacker,22,2015,55,40,50,41,42,61,2.4,2
WR,Micheal Orange,28,2009,49,40,57,41,53,47,6.1,3
WR,Macolly Mith,25,2013,50,39,60,40,37,50,6.6,3
WR,Homer Dan,22,2015,49,50,32,37,41,44,3.8,2
WR,Hal Kish,25,2013,47,39,50,44,49,38,4.9,3
WR,Malcom Das,26,2012,49,30,27,44,52,2.7,2
WR,Martin Krayon,23,2014,48,41,37,60,44,58,3.1,3
OL,Patrick Ward,31,2008,59,47,48,50,63,51,5.3,2
OL,Semer Shaun,33,2005,41,50,43,42,59,48,3.9,1
OL,Dan MacLion,26,2011,57,39,48,50,51,44,4.9,2
OL,Lance Frog,32,2005,50,44,27,40,41,37,2.6,1
OL,Lab Christen,23,2014,48,40,37,69,32,40,8,4
OL,Deshawn Penny,25,2012,47,28,50,38,41,38,8.2,5
OL,Handle Path,27,2010,40,46,48,50,37,36,3,3
OL,Ferdinan Cream,26,2011,50,41,44,29,30,40,2.1,3
OL,Redan Pass,25,2012,39,44,50,20,39,40,1.4,2
OL,Julio Gile,24,2013,50,40,31,40,29,30,1.8,3
K,Boberd Puma,22,2015,77,56,48,55,39,59,40,19.8,6
K,Mason Crobey,23,2014,60,58,40,29,49,37,1.9,1
S,Deon Rant,32,2007,58,68,69,60,73,70,3.2,1
S,Randle Lish,26,2011,48,61,48,67,45,60,7.9,3
CB,Isaac Mint,27,2010,49,52,39,50,47,52,50,5.4,2
CB,Gabriel Quote,28,2009,52,38,50,48,52,50,4.2,2
CB,Berry Phython,25,2013,48,39,41,44,50,3.1,2
CB,Barney Kush,22,2015,52,30,28,44,48,39,2.5,2
CB,Jason Road,23,2014,40,50,22,33,41,50,2,2
CB,Wilker Dacey,24,2013,47,31,28,30,27,40,1,1
DL,Dot Spread,26,2011,60,49,59,10,51,49,5.7,3
DL,Kim Big,28,2010,63,50,38,41,56,37,4.3,2
DL,Dominique Bowie,26,2012,48,56,44,58,97,39,2.1,1
DL,Clamery Tyson,29,2008,55,48,58,37,28,91,3.9,2
DL,Jacob Abram,23,2014,48,37,49,50,28,31,3.4,2
DL,Ramsee Club,34,2007,47,41,29,40,28,30,2.5,1
DL,Zues Pile,33,2008,44,29,38,28,40,33,2.1,2
DL,Hashe Oshae,30,2009,40,50,27,30,21,24,1,1
LB,Arnold Deadly,28,2010,49,36,50,31,46,50,3.9,2
LB,Hide Momma,28,2010,44,30,44,41,90,50,2,1
LB,Hola Lilo,24,2013,40,46,37,38,40,48,3.4,2
LB,Cris Planet,26,2010,29,30,50,19,60,21,4.8,3
LB,Zap Green,30,2008,38,48,29,40,20,21,1.8,2
LB,Hairy Pland,27,2010,37,28,40,29,19,33,1,1
END_PLAYERS
######################################################################  Sharks
Oprah Winfrey HS Sharks,OWS 
QB,Jordan Dro,26,2013,66,68,53,66,67,51,4.9,2
QB,Tarris Sabastian,31,2009,63,54,58,55,60,61,2.7,2
QB,Yelden Carmello,27,2011,61,58,54,61,58,55,2.9,2
RB,Aqua Ath,34,2006,60,53,51,50,55,62,3.4,1
RB,Corenthean Book,28,2011,58,57,60,49,58,59,2.8,1
RB,Zachary Coldren,28,2010,60,48,44,55,56,63,3.9,2
RB,Randy Ishmale,28,2008,58,41,37,60,53,64,1.2,1
RB,Isaiah Passion,25,2012,53,51,47,41,52,68,2.6,3
WR,Shane Misson,31,2007,58,64,71,48,63,51,2.3,1
WR,Dick Bond,22,2015,46,63,70,39,61,47,4.3,2
WR,McGee Plus,21,2015,39,59,61,41,60,44,2.9,2
WR,Patrick Fent,28,2011,48,60,60,37,62,50,3.3,3
WR,Reed Bishop,26,2014,44,58,63,33,64,2.7,3
WR,Terrence Bains,31,2008,43,55,64,31,60,41,2.8,2
OL,Bash Alex,26,2013,70,68,66,77,64,73,6.7,2
OL,Kobe Xiandra,32,2006,65,72,64,70,61,68,3.4,1
OL,Blinthin Kiba,22,2015,63,64,58,72,58,66,8.6,4
OL,Ricky Saiyan,33,2006,68,59,63,68,62,64,2.8,1
OL,A.J Eont,31,2005,65,62,65,69,55,63,4.2,2
OL,Dale Life,30,2007,68,61,59,70,61,65,3.1,2
OL,Bobby Thax,23,2015,60,59,61,66,63,60,1.2,1
OL,Allen Henry,28 2012,67,60,54,58,58,51,1,1
OL,Jorge Gestro,22,2015,61,58,60,60,40,50,3,4
OL,Elloy Bryan,25,2013,64,63,64,56,60,48,51,1,2
OL,Montey Tyrease,25,2012,60,48,59,54,50,59,1,3
K,Larry Aken,24,2014,70,58,65,75,59,69,3,3
K,Joshua Gains,23,2014,69,66,49,58,57,68,1,2
S,Keenin Al,23,2014,40,68,50,40,52,50,3.5,2
S,Russel Garcia,27,2011,42,59,53,41,40,6,4
CB,Pity Pallie,30 2006,44,60,43,48,42,40,6,4
CB,Jimmy Roll,26,2012,56,50,41,39,41,37,6,4
CB,Spider Mellow,32,2005,42,39,50,47,53,38,6,4
CB,Suge Alison,28,2009,41,39,93,50,38,41,3,2
CB,David Anthony,32,2007,50,41,33,37,49,64,3,2
CB,Joey Ash,26,2011,57,60,31,43,41,58,3,2
DL,Gerald Kash,28,2010,50,61,40,38,41,37,3,2
DL,Henry Arnold,23,2014,51,47,37,41,37,40,3,2
DL,Mac Ken,30,2008,44,37,41,38,32,29,3,2
DL,Spud Blur,26,2010,41,34,48,47,50,20,3,2
DL,Seth Mash,24,2013,38,29,46,44,48,41,3,1
DL,Kel Facine,28,2010,29,38,48,28,33,25,3,2
DL,Fizz Bradly,31,2008,29,31,19,20,33,21,3,2
DL,French Pale,28,2011,20,31,33,23,27,18,3,2
LB,Ray Hanson,29,2009,65,41,33,36,60,65,3,2
LB,Earl Tent,32,2006,54,48,39,41,37,54,3,2
LB,Olderson,Manuel,33,2004,41,44,39,32,28,30,3,2
LB,Brock Canwierd,26,2012,29,30,27,38,29,56,6,4
LB,Decan White,28,2011,40,20,30,18,25,15,6,4
LB,Elias Jorge,22,2015,26,17,33,27,28,10,6,4
END_PLAYERS
######################################################################  Doves
Mia Angelo Doves,MAD
QB,Bradly Enter,26,2012,65,61,60,59,58,56,8.7,3
QB,Aunk Pash,23,2014,61,53,48,44,39,60,6,2
QB,Cole Jordan,23,2014,57,43,31,29,44,21,2.9,1
RB,Pat Gold,24,2012,60,57,43,43,59,58,6,3
RB,Mass Deion,26,2011,55,43,54,49,56,60,3,2
RB,Daryl Culical,22,2015,60,41,39,51,44,51,3,3
RB,Pal Bailey,32,2006,52,48,55,49,60,30,1,2
WR,Popoya Sinthan,23,2015,45,51,56,45,51,60,9,3 
WR,Cosmo Garrison,27,2011,66,39,40,28,52,39,6.5,2
WR,Zacharia Chimishion,25,2013,51,46,48,39,40,38,3,1
WR,Billy Willard,24,2013,49,60,28,33,28,41,6,3
WR,Three Winsly,28,2010,51,50,63,41,40,59,3,2
WR,Cassidy Anthister,32,2005,60,39,41,50,39,40,3,2
OL,Ron Deport,26,2012,61,51,58,75,68,68,14,4
OL,Marshall Douglas,28,2009,70,59,62,71,65,60,9,2
OL,Jerrard Tint,32,2006,69,58,71,64,60,59,4,1
OL,Felix Cabral,31,2007,71,55,69,70,65,61,9.9,3
OL,Hashee Pinicle,24,2014,69,65,61,72,65,65,7,2
OL,Kyle Six,28,2010,66,72,60,51,60,49,6,2
OL,Arthur Six,25,2014,60,51,49,63,62,70,4.9,2
OL,Bash Snail,26,2011,68,71,55,73,54,63,8,3
OL,Garfield Flowers,23,2014,67,54,59,67,73,69,3.8,1
OL,Logan Yem,24,2014,58,60,73,69,74,61,6.5,2
OL,Han Perry,32,2005,59,66,70,61,73,60,3,1
K,Clark Fancy,25,2010,50,41,43,62,46,51,1,1
K,Nard Shawn,33,2005,98,39,50,60,39,47,3,4
K,Jason Flank,21,2015,60,31,29,41,28,43,1,2
S,Kail Dew,29,2009,80,75,62,75,81,69,5,1
S,Kelsey Bray,25,2012,69,72,80,61,70,67,8,2
CB,Joel Marry,22,2015,69,70,68,58,61,66,3.9,1
CB,Dwayne Cobsey,33,2006,81,75,76,80,70,72,7,2
CB,Philip Willie,30,2007,77,69,81,71,68,71,3,1
CB,Kaleb Embro,28,2010,71,70,69,67,74,66,4.8,2
CB,Polo Instinct,36,2002,65,73,58,70,69,65,4,2
CB,Bruce Shine,28,2009,75,66,58,69,63,71,6,3
CB,Abbey John,25,2007,70,64,59,64,67,68,3,2
DL,Cartright Shaggy,22,2015,74,81,69,73,82,92,15,5
DL,Alejandro Cash,28,2010,88,78,79,89,88,90,4.3,1
DL,Marcus Car,32,2006,29,70,68,80,71,74,4,1
DL,Deondre Share,27,2011,73,69,77,65,70,74,3,2
DL,Joseph Rodolph,23,2014,79,70,73,70,69,74,6,3
DL,George Bomb,29,2007,83,74,79,83,61,60,4,2
DL,Christopher Emily,31,2005,74,68,72,64,70,80,4,2
DL,Gilbert Tannington,30,2006,66,74,79,82,77,63,3,2
LB,Lawrence Gress,22,2015,79,79,85,80,73,83,9.6,4
LB,Freg Bras,28,2010,80,74,82,83,77,80,7,2
LB,Garry North,34,2005,73,81,79,80,77,84,3,2
LB,Naush Wood,28,2009,79,86,70,64,73,75,3,2
LB,Stien Kyle,25,2012,76,84,79,84,70,72,4,2
LB,Buda Ernesto,22,2015,79,83,70,65,72,74,3,2
END_PLAYERS
######################################################################  Swans
Georgina Driving HS Swans,GDS
QB,Carter King,25,2012,70,74,65,70,76,62,5,2
QB,Shaquell Daniel,31,2007,65,64,76,68,74,70,3,2
QB,Vince Iishia,23,2015,79,43,59,68,70,68,2.8,2
RB,Vladimere Olgul,24,2013,60,64,59,73,68,74,5.7,2
RB,Nouse Vasash,26,2011,65,63,70,54,58,69,6.9,3
RB,Star Vrant,32,2005,62,70,53,60,54,61,3.6,2
RB,Chime Pentagrew,25,2013,59,60,52,63,54,61,2,2
WR,Fint Moore,27,2010,70,50,65,69,71,62,4.5,2
WR,Ricardo Sis,25,2013,73,69,58,49,58,79,6.8,3
WR,Sosa Hive,33,2004,51,63,70,55,62,64,6,3
WR,Kenny Natty,31,2006,65,53,59,63,54,68,2.7,2
WR,Jared Gun,29,2009,60,59,71,66,54,53,2.3,2
WR,Mick Nater,28,2011,64,71,69,70,53,47,1,2
WR,Gasper Oliver,23,2015,60,57,63,66,59,61,1.8,3
OL,Leonardo Brisco,26,2012,69,67,74,68,75,70,13.9,4
OL,Zath Santana,22,2015,70,65,73,62,64,76,6.7,2
OL,Sammy Nina,28,2011,67,69,74,75,68,71,3.2,1
OL,Angel Yada,24,2014,73,67,64,78,66,64,2,1
OL,Alec Nicholas,27,2009,72,65,63,71,64,61,1.5,1
OL,Mark Luke,23,2014,70,62,70,64,73,58,3,3
OL,Yeter Warner,27,2011,70,68,64,71,65,61,2,3
OL,Jerick Mathews,28,2009,69,59,66,71,69,74,63,1,2
OL,Marius Poosh,23,2014,69,77,64,51,49,68,2,3
OL,Marlon Titanium,24,2013,58,62,54,51,46,38,1,3
K,Chard Gomez,27,2011,80,75,62,79,76,55,3,2
K,Diam Micheals,28,2011,71,68,73,59,62,70,2.8,3
S,Marco Ant,29,2010,70,58,69,54,68,64,5,2
S,Champ Carper,31,2006,59,63,72,66,53,78,6.9,3
CB,Sir Def,33,2004,63,61,70,71,62,68,1.9,1
CB,Garland Pach,34,2003,60,59,66,71,64,62,4,3
CB,Kai Hun,30,2008,63,66,71,64,58,66,2.3,1
CB,Trander Oshers,34,2004,61,65,73,60,51,49,3,2
CB,Sergio Jish,27,2009,60,58,30,71,41,30,1.8,2
CB,Gibson Zaper,21,2015,50,39,48,34,52,45,1,2
DL,Dant Kish,28,2010,61,54,63,59,75,70,3.6,1
DL,Duck Zoron,30,2009,58,51,49,62,68,60,4.9,2
DL,Jason Tif,26,2011,59,60,65,70,73,69,4,2
DL,Micheal Butler,26,2012,60,57,61,53,58,69,5.7,3
DL,Aldern Asparagus,28,2011,60,51,60,54,56,70,4.3,2
DL,Julian Larry,23,2014,54,61,68,55,60,64,2.9,1
DL,Arnold Laser,21,2015,39,55,66,33,60,61,1.7,1
DL,Avion Future,25,2013,49,60,63,58,50,60,5.8,6
LB,Taylor Risk,26,2011,61,60,48,54,59,60,3,1
LB,Lavion Massakist,23,2014,58,44,37,48,53,58,12.7,5
LB,Tyrell Lamar,32,2005,57,55,50,96,60,60,2,1
LB,Jill James,31,2007,59,48,41,44,60,55,1.6,1
LB,Tarvis Asford,28,2011,51,43,34,38,51,58,1,1
LB,Crack Samsung,32,2007,48,60,24,41,29,60,1,1
LB,Bandio Athin,34,2006,30,40,30,20,53,54,1,1
END_PLAYERS
######################################################################  Ducks
Poddington Memorial HS Ducks,PMD
QB,Cheeta Gich,26,2011,67,62,65,64,54,67,3,2
QB,Caleb Cote,23,2014,60,65,61,59,53,62,3,2
RB,Douge Smith,25,2012,57,61,56,60,64,64,3,2
RB,Shawn Tilt,33,2009,48,50,52,64,63,63,3,2
RB,Jason Cartrite,22,2015,56,57,58,61,60,62,3,2
RB,Donvan Swip,25,2013,55,60,54,63,65,61,3,2
WR,Brock Nissan,23,2015,60,67,58,65,57,54,3,2
WR,Jamal Yolland,32,2006,58,64,62,63,49,45,4,3
WR,Colbert Jale,29,2009,65,62,54,62,48,48,3,2
WR,Phillip Rupe,34,2007,62,66,53,68,52,47,1,1
WR,Carl Robert,29,2009,67,59,47,63,47,39,2,2
WR,Micheal Lish,31,2008,61,54,46,62,52,41,3,4
OL,Vincente Tash,33,2006,72,63,71,75,78,62,5,2
OL,Avery With,28,2010,77,67,68,76,75,67,3,2
OL,Bobby Chad,31,2008,70,62,67,74,77,60,4,3
OL,Kasey  Richard,27,2011,67,61,70,73,72,54,3,2
OL,Bill Lisket,29,2011,62,60,70,72,71,52,4,3
OL,Willie Mishet,28,2009,67,57,63,69,67,62,3,2
OL,Justin Carp,22,2015,64,57,62,65,64,67,3,2
OL,Rueben Fuent,29,2009,62,47,68,64,62,59,3,2
OL,Christian Swishep,32,2006,60,42,66,62,61,52,2,1
OL,Leonardo David,28,2009,73,41,64,61,62,37,3,2
OL,Todd Choch,33,2006,77,47,37,57,59,62,3,2
K,Tich Fatchek,25,2013,72,73,51,72,52,55,57,3,2
K,Isaac Miff,26,2012,70,64,47,68,60,55,3,2
S,Donald Trit,25,2012,64,71,76,62,79,80,4,3
S,Donald Go,24,2013,71,68,59,66,70,75,5,4
S,Tony Carter,26,2011,65,63,59,67,58,55,3,2
CB,Patrick Leash,28,2009,58,60,55,54,55,63,4,2
CB,Marcus Paff,24,2015,56,49,60,56,53,60,6,4
CB,Brandon Kyle,33,2009,61,54,56,60,48,49,3,2
CB,Red Yawns,25,2012,55,60,39,58,41,60,2,1
CB,Darnel Light,29,2009,57,61,48,44,39,46,3,4
CB,Mason MacTank,27,2011,59,60,60,45,39,44,6,5
DL,Benjamin Shaych,31,2006,60,58,63,65,55,51,3,2
DL,Angel Push,26,2012,58,61,57,59,56,4,5
DL,Mark Fin,29,2008,55,54,60,57,56,54,3,2
DL,Samuel Johnson,28,2009,59,60,47,60,56,51,2,1
DL,Ishmon Sand,26,2011,53,52,57,44,60,56,3,3
DL,Dominic Can,23,2014,56,63,64,58,61,55,3,4
DL,Gilbert Mitch,31,2007,49,48,57,42,39,50,1,1
DL,Tyreel Larst,22,2015,56,44,39,41,48,59,6,7
DL,Perry Mackey,27,2011,61,66,40,38,40,34,2,3
LB,Miguel Ashop,35,2004,39,52,40,67,66,53,2,4
LB,Curtis Laugh,32,2007,47,50,60,62,65,48,3,5
LB,Yellow Andeson,33,2006,42,57,58,60,63,52,4,6
LB,Mario Yolloda,25,2003,52,53,52,61,62,38,5,3
LB,Tommy Pap,29,2009,51,57,58,63,61,42,4,3
LB,William Linter,23,2015,37,60,58,65,60,37,6,4
END_PLAYERS
######################################################################  Snakes
George Washington HS Snakes,GWS
QB,Jeff Phylis,26,2011,68,72,64,72,73,75,5,2
QB,Obrian Mac,27,2010,67,68,57,69,77,70,7,3
QB,Samuel Davidson,24,2013,63,71,53,67,71,75,5,4
RB,Adam Persh,30,2008,62,55,60,58,54,78,4,2
RB,Edgar Ship,27,2011,57,61,58,51,60,69,2,2
RB,Jonathan Wolf,24,2014,60,51,49,53,56,64,3,4
RB,Maleek Spot,32,2007,55,60,45,50,48,50,1,1
WR,Jaricco You,34,2005,69,55,60,74,70,65,3,1
WR,Dylan Well,27,2013,65,49,57,69,58,60,6,3
WR,Tyler Gash,26,2012,49,56,54,73,59,60,7,4
WR,Dick Dlak,25,2014,54,49,71,58,60,58,4,2
WR,Lush Porn,24,2015,50,51,68,59,61,64,6,4
WR,Kieth Fife,23,2015,48,55,67,55,60,59,3,2
WR,Brad Hurl,25,2012,53,60,59,77,50,48,5,4
OL,Jordan Tyson,33,2005,71,58,60,70,73,60,4,3
OL,Billy Fancy,26,2011,54,57,60,59,74,70,3,2
OL,Dile Phelp,23,2015,49,54,58,66,76,64,6,4
OL,Bale Giffel,29,2009,69,47,48,53,70,63,4,3
OL,Chad Chadwick,34,2003,70,68,43,68,59,55,3,2
OL,William Star,33,2005,47,48,51,70,72,60,3,2
OL,Nathen Boat,32,2006,50,39,48,57,68,60,4,3
OL,Thomas Tiger,27,2011,30,61,47,50,70,61,4,3
OL,Will Walrece,22,2015,50,55,58,61,71,48,5,2
OL,Cain Clam,25,2012,47,43,47,57,72,50,3,2
K,Kevin Vrant,32,2006,68,73,72,59,71,64,4,3
K,Doug Griffin,31,2007,59,67,71,65,69,63,2,1
S,Austin Kaush,27,2011,71,73,58,70,59,72,4,1
S,Darrel Woosh,26,2012,70,68,50,65,61,73,3,1
S,Fredrick Burns,33,2005,69,59,47,69,67,69,2,1
CB,Zacharia Shift,36,2002,65,51,80,75,64,74,6,2
CB,Vaun Plap,28,2010,74,70,73,79,63,69,4,2
CB,David Stran,31,2008,75,73,72,77,57,68,5,3
CB,Michon Crem,24,2013,73,70,69,73,62,70,3,2
CB,Isaiah Thumb,30,2009,69,72,71,72,52,66,3,2
CB,Lasseriss Wright,29,2010,70,76,75,70,60,63,4,4
DL,Aronld Pest,24,2013,67,59,68,60,67,75,3,1
DL,Ralph Flesh,22,2014,70,60,64,57,68,71,6,2
DL,Tavion Smith,24,2015,64,58,69,54,64,69,7,3
DL,Gerald Muffs,27,2011,60,57,67,61,61,7,3,2
DL,Quintavius Cash,25,2014,70,54,66,50,62,70,8,3
DL,Paul Houston,32,2007,65,53,69,48,63,74,3,2
DL,John Albertson,31,2008,61,57,64,39,67,70,7,3
DL,Lee Nicholas,30,2009,48,50,60,43,60,73,4,2
LB,Nathan Lylard,23,2014,59,61,78,81,75,76,5,3
LB,Terrence Lane,26,2012,56,70,73,72,61,69,4,2
LB,Champ Floyd,25,2013,70,59,68,69,71,59,3,2
LB,Greggory List,27,2011,60,70,72,68,70,68,3,4
LB,Free Sean,31,2009,64,65,69,72,70,74,3,2
LB,Roderick Nick,25,2013,65,63,64,78,70,70,4,4
END_PLAYERS
######################################################################  KillerWhales
Steven State HS KillerWhales,SKW
QB,Vander Sky,26,2010,67,60,61,66,70,59,7,3
QB,Chish Cody,24,2012,65,58,64,71,60,4,2
RB,Ty Liverson,23,2014,70,61,64,70,63,63,6,2
RB,Carl Ocean,32,2006,68,63,65,71,59,62,7,3
RB,Earl Goth,33,2005,65,60,63,68,60,60,2,1
RB,Kevin Don,28,2009,67,64,58,66,58,57,7,4
RB,Jesus Hernandez,27,2010,66,61,63,50,61,56,8,5
WR,Wik Sharph,26,2011,56,57,60,56,55,63,4,2
WR,Baine Wheat,27,2010,58,51,62,49,58,62,5,3
WR,Ron X,35,2003,59,51,61,63,57,61,3,2
WR,Allen Pesek,29,2008,53,52,59,58,3,2
WR,George,23,2014,51,55,57,61,51,60,3,2
WR,Joe Vold,31,2009,48,47,60,62,49,62,5,6
OL,Thomas Capper,25,2012,62,58,63,60,56,67,1,2
OL,James Gifsh,31,2007,64,61,59,64,53,69,4,1
OL,Jonavon Lobe,33,2006,60,64,60,70,52,63,3,1
OL,Justin Fish,26,2010,63,62,61,63,55,64,5,3
OL,Ashton Braid,24,2012,62,65,60,62,53,62,7,4
OL,Mark Answer,33,2003,61,66,57,65,58,59,3,2
OL,Conor Tert,27,2010,63,61,58,64,51,61,5,3
OL,Nash Vack,27,2011,61,64,55,66,52,57,3,2
OL,Pray Lerd,24,2013,4,60,53,64,50,54,4,3
OL,Marvin Wald,26,2011,63,57,59,63,51,53,5,4
OL,Stepen Cell,24,2012,62,61,61,62,49,52,3,3
OL,Bruce,28,2009,60,60,54,61,49,50,3,4
K,Brandon Pitch,22,2015,68,60,60,68,67,66,7,4
K,Ervin Lillard,25,2012,67,61,58,67,66,65,3,3
K,Wayne Miller,32,2006,60,65,61,68,65,63,1,2
S,Kale Dish,24,2014,63,71,77,75,64,68,5,3
S,Joelee Tyler,27,2010,62,68,71,69,61,74,4,3
CB,Nathaniel Kist,22,2015,76,68,79,75,67,65,6,3
CB,Avion Simon 23,2014,72,73,70,74,64,4,3
CB,Ashley Galves 26,2011,74,72,73,70,61,3,2
CB,Joel Duff 29,2009,71,71,74,74,60,66,5,3
CB,Ken Purple 32,2006,70,74,72,71,63,57,5,4
CB,Tyrese Chole25,2013,72,73,71,69,6î,61,4,3
CB,Dwayne Dish 27,2010,70,70,70,70,60,59,3,4
DL,Patrick Smithy 26,2010,82,80,69,81,79,77,4,6
DL,Terry Bugz 27,2009,84,72,68,79,80,78,3,1
DL,Robert Hush 28,2009,72,68,74,69,82,75,4,2
DL,Belie Knot 32,2006,74,70,71,70,78,73,7,4
DL,Hawk Stunt 24,2014,73,66,65,68,73,74,78,4,3
DL,Zane Rush 25,2013,68,65,70,74,71,73,5,4
DL,Jermaine Pill 26,2011,64,63,68,77,70,75,3,2
DL,Paul Flashed,23,2014,61,60,58,57,72,72,5,5
LB,Marcus Blithe,23,2015,73,70,68,75,62,73,7.9,4
LB,Kenny Angel,25,2012,71,69,66,76,63,70,5,3
LB,Andrick Push,29,2009,70,66,64,74,60,70,4,3
LB,Donovan Shell,33,2005,61,69,54,73,61,71,3,2
LB,Rob Togapee,27,2009,64,61,64,52,38,70,3,3
LB,Howard,31,2007,63,62,60,40,64,68,1,2
END_PLAYERS
######################################################################  Storks
Anderson DeZone HS Storks,ADS
QB,Zay Thart,28,2010,51,56,42,59,43,3,2
QB,Percy Sargent,25,2013,53,50,60,41,52,40,3,2
RB,Brad Johnson,24,2014,44,41,50,43,56,53,3,2
RB,Roman Kash,25,2013,46,42,48,41,57,55,3,2
RB,Jared Lint,26,2012,50,40,47,40,58,50,3,2
RB,Micheal Brisk,34,2004,44,43,44,44,52,57,3,2
WR,London Nesh,32,2006,57,54,51,42,41,56,3,2
WR,Bill Luster,28,2010,56,52,50,41,43,54,3,2
WR,Thomas Pasion,25,2013,55,54,51,46,45,57,3,2
WR,Pablo Bear,33,2005,51,50,47,41,44,49,3,2
WR,Carl McRuff,27,2011,52,41,43,47,49,57,41,3,2
WR,Steve Bradley,28,2010,50,40,49,41,53,47,3,2
OL,Jesse Mair,29,2009,51,53,55,49,55,55,3,2
OL,John Arthur,31,2007,54,52,53,47,53,54,3,2
OL,Doey Tember,25,2013,53,55,56,44,56,52,3,2
OL,Jasper Rodger,28,2010,52,50,51,50,52,51,3,2
OL,Richard Forch,24,2014,51,51,50,43,50,50,3,2
OL,Marshall Douglas,34,2004,50,50,54,47,47,52,3,2
OL,Arnold Smith,35,2003,54,46,50,48,49,54,3,2
OL,Walt Boobley,28,2010,55,43,47,49,55,47,3,2
OL,Jamie McAspon,26,2012,50,42,44,43,50,43,3,2
OL,Gary Garfield,27,2011,47,44,49,4,47,43,3,2
OL,Brad Felsh 22,2015,65,60,45,48,59,49,3,2
K,Hershad Gale,23,2015,57,62,60,41,48,47,3,2
K,Oliver Sagi,33,2006,55,45,51,56,52,42,3,2
S,Bob Too 27,2011,56,46,50,57,53,33,41,3,2
S,Sean World,34,2005,15,43,50,55,52,40,3,2
CB,Tyler Flask,32,2007,50,48,49,47,32,53,3,2
CB,Walter Yeah,29,2009,51,46,51,48,47,48,3,2
CB,Gander Cool,30,2008,50,45,44,46,51,47,3,2
CB,Andre Earl,32,2006,52,44,46,44,40,50,3,2
CB,William Gap,23,2014,53,43,41,46,43,41,3,2
CB,Saul Cherry,27,2011,50,47,40,45,44,42,3,2
DL,Earl Lash,24,2013,55,47,40,58,46,4,3
DL,Coulio West,24,2013,53,43,41,56,43,60,3,2
DL,Terry Chase,36,2003,52,45,46,52,42,58,3,2
DL,Nathan Lit,34,2007,50,42,44,55,40,57,3,2
DL,Donald Arab,23,2014 50,48,41,52,43,59,3,2
DL,Jay Bent,26,2012,51,42,43,50,41,55,3,2
DL,Kendle Baj,33,2006,50,43,40,49,42,61,3,2
DL,Keishawn Art,23,2014,42,43,50,47,44,59,3,2
LB,Corey Barsh,26,2012,55,47,44,48,58,55,3,2
LB,Julian Mel,24,2013,51,45,43,47,55,51,3,2
LB,Dale Moca,34,2006,53,41,41,40,50,52,3,2
LB,Japser Cat,24,2013,50,42,40,40,50,53,51,3,2
LB,Ester Kase,33,2006,48,40,42,43,52,53,3,2
LB,Bryant Naft,31,2008,47,41,44,42,51,51,3,2
LB,Jason Titan,27,2011,41,43,40,44,53,52,3,2
END_PLAYERS
######################################################################  Cacti
Dominguez Prep HS Cacti,DPC
QB,Eddie Ques,23,2014,55,60,57,63,72,64,3,2
QB,Jackie Flases,27,2010,56,61,52,62,70,63,3,2
QB,Andrew Please,25,2013,54,57,51,65,62,64,3,2
RB,Loriege Masses,26,2012,60,67,62,70,74,72,3,2
RB,Deshawn Starch,31,2006,57,66,60,71,75,68,3,2
RB,Cody Plisses,26,2011,56,64,59,70,71,65,3,2
RB,Abraham Class,32,2005,79,66,62,65,70,71,3,2
WR,Kris Anderson,26,2011,70,65,56,60,73,71,3,2
WR,Jacob McLas 24,2013,68,66,57,58,70,70,3,2
WR,Andre McCalow,25,2012,66,67,52,55,72,76,3,2
WR,Paul Dean,25,2012,72,64,50,54,59,73,3,2
WR,Tyrone Wash,23,2014,65,63,51,52,68,74,3,2
WR,Aaron Moses,23,2014,70,62,53,51,72,68,3,2
OL,Laserith Comb,25,2012,70,68,66,60,59,70,3,2
OL,David Jesse,27,2010,67,66,59,61,54,71,3,2
OL,Cleo Popavich,28,2010,67,70,60,57,52,67,3,2
OL,Randy Green,26,2011,68,67,57,56,55,66,3,2
OL,Daryl Zight,28,2009,71,58,60,57,51,64,3,2
OL,Adam Cain,32,2002,70,60,55,50,53,63,3,2
OL,Alex Faush,26,2011,65,59,54,61,57,63,3,2
OL,Lucky Rico,33,2004,63,60,53,52,58,69,3,2
OL,Ja’Von Cora,24,2013,62,57,50,50,50,62,3,2
OL,Abel Victor,27,2010,65,52,54,73,75,62,3,2
K,James Gorth,28,2009,71,72,75,68,67,66,3,2
K,Mathew Obed,23,2014,70,73,69,71,70,58,3,2
S,Bishop Galant,27,2012,79,83,83,82,78,80,3,2
S,Herald Red,25,2012,77,71,80,87,80,25,3,2
CB,Bobby Cale,28,2009,78,76,70,77,78,29,3,2
CB,Tony Hope,36,2001,78,75,72,78,79,76,3,2
CB,Amia Brown,31,2006,75,69,82,77,71,74,3,2
CB,Ishmale Tosh,27,2009,71,70,68,70,68,67,3,2
CB,Caleb Orfad,27,2010,75,71,65,68,67,60,3,2
CB,Joshua Gandolf,26,2011,68,70,72,60,50,3,2
DL,Ryan Olivard,29,2008,63,62,74,74,72,68,3,2
DL,Rueben Cliff,28,2009,60,62,73,75,71,70,3,2
DL,Marcus Shade,29,2007,61,60,72,73,68,67,3,2
DL,Harry Dylan,25,2012,63,60,71,72,69,63,3,2
DL,George Krang,28,2009,60,58,70,72,66,71,3,2
DL,Charles Mobey,33,2004,53,55,68,70,68,60,3,2
DL,Jeffry Roshi,23,2018,57,56,66,71,67,65,3,2
DL,Raul Todd,25,2012,54,59,69,68,60,61,3,2
LB,Zander Clay,24,2013,71,79,77,84,80,68,3,2
LB,Joe Ahed,23,2014,78,79,82,83,69,72,3,2
LB,Brandon Chu,27,2010,72,75,81,76,66,69,3,2
LB,Hector Nab,26,2011,71,65,80,80,71,69,3,2
LB,Jason Born,25,2012,65,71,71,81,66,72,3,2
LB,Ricky Proud,23,2014,60,65,60,69,61,73,3,2
END_PLAYERS
######################################################################  Gamblers
Mendoza Magnet HS Gamblers,MMG
QB,Chelsie Tarsh,24,2013,75,67,65,74,78,68,3,2
QB,Pash Brick,35,2006,72,62,69,72,71,69,3,2
RB,Chad Wush,27,2011,65,62,59,68,67,66,3,2
RB,Parch Mac,33,2008,60,64,59,59,66,65,3,2
RB,Burple Chack,25,2012,60,68,55,60,57,62,3,2
RB,Sion Jack,23,2014,70,58,59,60,59,50,3,2
WR,Petter Shell,28,2009,66,73,67,80,78,76,3,2
WR,Kim Morph,26,2012,69,76,80,79,69,72,3,2
WR,Tyler Grew,26,2012,72,68,75,72,66,70,3,2
WR,Jacob Quote,34,2007,75,65,68,71,69,70,3,2
WR,Yason Tooke,27,2011,65,66,70,68,75,63,3,2
WR,Walter Gursh,25,2012,71,64,71,66,71,59,60,3,2
WR,Urf Girrafe,23,2014,68,70,66,70,67,60,57,3,2
WR,Gurf Tafflon,28,2009,71,66,70,54,58,60,3,2
OL,Tony Mish,26,2012,66,61,78,60,71,3,2
OL,Soloman Nip,32,2009,70,66,58,72,70,68,3,2
OL,Dick Groosh,24,2013,68,58,65,71,60,73,3,2
OL,Harvey Ruff,31,2010,70,66,61,65,72,65,3,2
OL,Sean Davison,28,2010,70,69,60,68,66,70,3,2
OL,Gale Pitch,23,2014,71,62,69,70,60,57,3,2
OL,Micheal Wood,26,2012,68,60,59,66,70,71,3,2
OL,Robert Francis,22,2015,68,63,60,59,70,69,3,2
OL,Abbel Shake,34,2007,60,58,64,57,60,61,3,2
OL,Sam Math,23,2014,60,62,61,55,60,58,3,2
OL,Jason Diddy,31,2006,45,50,57,58,60,3,2
OL,Bobby Drink,23,2014,58,60,58,49,43,55,3,2
K,Gastiny Ape,28,2009,66,68,59,74,72,75,3,2
K,Shawn Dope,26,2013,66,70,55,65,66,71,3,2
S,Gilbert Gates,36,2002,67,70,65,69,72,73,3,2
S,Meeshak Blip,31,2006,60,70,68,67,70,69,3,2
CB,Wilson Dak,25,2012,68,68,69,73,76,67,3,2
CB,Bart Dog,26,2011,70,69,65,70,75,68,3,2
CB,Astony Sage,22,2015,66,66,70,68,59,60,3,2
CB,Mason Kipe,31,2006,71,65,70,66,50,54,3,2
CB,Danny Rope,26,2011,64,67,51,62,48,58,3,2
CB,Adrian Carp,25,2012,65,64,40,60,50,60,3,2
DL,John Eyes,27,2011,60,56,65,66,58,68,3,2
DL,Steven Tink,33,2004,58,61,65,64,60,66,3,2
DL,Marvin McVish,35,2002,54,60,66,60,51,64,3,2
DL,Cole Jeremy,33,2005,61,58,64,61,55,65,3,2
DL,Ralph Warp,24,2014,52,60,62,63,56,66,3,2
DL,Donald Wag,25,2013,53,54,61,60,57,60,3,2
DL,Isaac Perp,27,2011,55,55,63,60,60,58,3,2
DL,Mark Usage,26,2012,66,52,60,55,50,59,3,2
LB,Greg Jake,23,2015,71,68,65,72,75,73,3,2
LB,Dominic Pufer,25,2014,70,68,71,68,72,68,3,2
LB,Nathan Jersey,25,2013,61,53,70,66,71,68,3,2
LB,Ramon Sposh,28,2011 66,54,64,62,66,58,3,2
LB,Alfred Dlak,35,2002,62,52,59,61,56,60,3,2
LB,Bruce Dwayne,27,2012,53,60,55,54,51,56,3,2
END_PLAYERS
######################################################################  Heros
Baptist Academy Heros,BAH
QB,Adam Dep,24,2014,70,71,67,73,72,67,3,2
QB,Lester Grow,25,2012,72,70,68,70,65,61,3,2
RB,Jessie Harp,28,2010,66,70,71,76,72,75,3,2
RB,Douge Petterson,31,2009,68,65,70,73,71,77,3,2
RB,Harlod Jurpe,33,2006,61,63,68,75,71,71,3,2
RB,Paul Bradford,34,2004,62,64,71,72,70,73,3,2
WR,Luis Gipupp,24,2014,70,70,76,75,73,76,3,2
WR,Ryan Tilter,26,2013,67,77,68,76,74,77,3,2
WR,Justin Gold,30,2010,66,73,71,73,75,74,3,2
WR,Cameron Flurr,31,2008,63,74,73,72,70,73,3,2
WR,Suge Sipp,34,2004,62,71,70,70,68,75,3,2
WR,Polo Untush,25,2012,63,74,75,68,73,74,3,2
OL,Luke Stienly,23,20014,76,78,72,74,75,75,3,2
OL,Larry Chazen,26,2011,73,77,69,73,73,76,3,2
OL,Joshua Pebral,27,2010,70,75,66,70,72,75,3,2
OL,Warren Pithe,31,2009,67,76,67,72,76,71,3,2
OL,Thomas Coin,33,2006,72,74,64,70,76,73,3,2
OL,Semour Pain,26,2011,71,73,63,71,74,70,3,2
OL,Martin Zues,28,2010,73,72,62,68,73,72,3,2
OL,Darnell Lopez,25,2012,70,72,65,64,72,71,3,2
OL,James Truck,24,2013,70,70,66,63,71,70,3,2
OL,Patrick Maht,27,2010,61,67,60,67,74,73,3,2
K,Niel Harrison,35,2004,70,77,69,75,74,70,3,2
K,Ned Decla,33,2006,68,74,65,73,72,71,3,2
S,Kanye Fox,25,2011,72,65,70,73,70,63,3,2
S,Deon Sanders,26,2011,71,66,68,74,67,71,3,2
CB,What Up,31,2007,72,70,60,74,72,66,3,2
CB,Jesus Dixon,36,2004,71,66,63,69,74,64,3,2
CB,Joel Jorge,23,2015,73,72,60,70,71,60,3,2
CB,William Rass,24,2013,70,60,58,66,70,62,3,2
CB,Nick Love,28,2010,66,61,54,65,67,65,3,2
CB,Carlos Rose,33,2015,65,57,55,62,71,61,3,2
DL,Gate Flow,25,2012,70,69,71,67,78,78,3,2
DL,Bam Joseph,36,2006,68,71,69,66,72,75,3,2
DL,Giovanny Treasure,28,2011,71,69,58,73,74,3,2
DL,Johnny Dash,29,2010,67,66,71,61,68,66,3,2
DL,Lewis Arnesto,31,2008,66,54,60,53,70,69,3,2
DL,Fredrick Ant,26,2010,71,57,60,54,71,66,4,3
DL,Jamie Watch,29,2008,69,71,68,60,71,56,3,2
DL,Micheal Shine,32,2006,73,61,54,51,60,60,3,2
LB,Houston Son,33,2004,71,68,69,76,70,65,3,2
LB,That Name,35,2004,71,68,71,70,66,69,3,2
LB,Reggional Green,26,2012,73,67,61,63,71,3,2
LB,Nom Duna,29,2009,74,63,70,64,66,73,3,2
LB,Leash City,24,2014,59,61,72,68,67,66,3,2
LB,Faun Nasecond,26,2012,67,68,71,59,61,73,3,2
END_PLAYERS
######################################################################  Robots
Tyler Technical HS Robots,TTR
QB,Sean Pwey,25,2013,86,70,71,74,75,63,3,2
QB,Jonathan Eisher,26,2012,67,69,70,72,71,62,3,2
QB,Bible Reader,24,2014,68,67,59,71,67,61,3,2
RB,Chilet Arens,23,2015,58,75,73,74,66,69,3,2
RB,Nunpret Pected,22,2015,61,69,71,73,67,66,3,2
RB,Okeey Seet,31,2007,57,66,74,71,68,61,3,2
RB,Xaivier Ters,28,2011,66,69,70,62,63,57,3,2
RB,Every Wear,35,2004,53,68,75,71,54,53,4,3
WR,George Faith,26,2012,68,86,70,85,66,65,3,2
WR,Yeah Armor,28,2010,70,69,76,83,70,70,3,2
WR,Jamie Nojay,21,2015,65,74,68,79,83,81,3,2
WR,Shaq Chrome,28,2013,71,72,68,73,70,64,3,2
WR,Buster Ruble,23,2015,75,68,71,66,70,59,3,2
WR,Ert Breaker,26,2012,68,72,73,66,65,70,3,2
OL,Kidsnow Plant,28,2010,71,73,69,70,68,69,3,2
OL B.J Alsower,25,2012,69,68,67,69,66,3,2
OL,Septis Later,23,2014,73,71,67,67,68,69,3,2
OL,Young Erknow,29,2010,67,72,71,71,60,62,3,2
OL,Maybe Baby,31,2007,66,61,68,63,71,66,3,2
OL,Randle Beet,30,2007,71,59,73,70,68,65,3,2
OL,Roppert Cudlder,25,2013,68,69,60,63,65,66,3,2
OL,Afar Teir,28,2010,71,60,70,61,62,65,3,2
OL,Nocall NoJob,25,2012,66,65,66,67,64,63,3,2
OL,Whatif Babies,34,2005,73,65,67,68,61,64,3,2
K,Shkewl Cant,25,2013,64,68,76,70,78,68,3,2
K,Bee Cuz,26,2012,68,60,70,72,65,69,3,2
S,Ein Laser,28,2010,71,66,65,70,72,74,3,2
S,Ian Wish,31,2006,70,62,64,71,68,74,3,2
S,Head Shock,33,2004,67,66,61,68,71,69,3,2
CB,Hits Brain,30,2006,70,61,67,71,72,3,2
CB,Nomore Thought,28,2010,66,71,62,70,68,70,3,2
CB,Ohmy Help,21,2015,70,67,60,69,66,69,3,2
CB,Funds Low,25,2013,65,61,68,71,71,58,3,2
CB,Es Oh,22,2015,70,68,64,66,66,70,3,2
CB,Es God,28,2010,66,71,61,74,64,66,3,2
DL,Fear Less,27,2011,60,75,60,67,70,61,3,2
DL,They Mad,30,2006,66,65,67,67,66,60,3,2
DL,Not Homeless,25,2013,69,67,61,64,68,61,3,2
DL,If Was 36,2002,63,67,57,65,68,59,3,2
DL,That Laser,28,2010,61,66,55,70,60,57,3,2
DL,Eep Inmy,22,2015,64,68,56,60,51,62,3,2
DL,Hear Ing,26,2012,60,69,54,63,50,54,3,2
DL,At Work,25,2013,58,67,50,52,57,60,3,2
DL,Noise Ontop,22,2015,70,67,63,74,61,65,3,2
LB,Of Noise,26,2012,72,71,64,73,62,64,3,2
LB,Tests And,23,2014,70,68,67,75,60,58,3,2
LB,Judge Ment,31,2005,68,63,64,71,58,61,3,2
LB,All Eye,28,2009,61,66,65,73,62,64,3,2
LB,Wants Peace,26,2010,72,60,67,71,60,63,3,2
END_PLAYERS
######################################################################  Elephants 
Rosorilo Private HS Elephants,RPE
QB,Stephen Zee,26,2012,75,69,72,75,70,78,3,2
QB,Shprax Bain,32,2008,74,60,69,70,69,67,3,2
RB,Orlando Wall,28,2010,68,69,77,69,80,81,3,2
RB,Hershal Homes,28,2010,63,65,71,67,73,74,3,2
RB,Realson Close,34,2005,67,68,73,60,72,70,3,2
RB,Thomas Miner,25,2013,71,62,60,70,68,60,3,2
WR,Stapt Withrow,23,2014,70,68,73,81,74,68,3,2
WR,Hertod Nosey,25,2012,68,59,71,76,69,70,3,2
WR,Justin Sleep,29,2010,69,63,69,75,67,63,3,2
WR,Shets Cooley,33,2007,71,64,70,80,65,71,3,2
WR,Andrew Brother,25,2013,66,54,65,66,66,71,3,2
WR,Isaac Aswell,23,2015,64,51,66,73,70,61,3,2
OL,Theodore Arnold,24,2015,78,69,80,80,70,3,2
OL,Many Women,26,2011,76,65,74,79,82,78,3,2
OL,Solis Mandy,27,2010,73,73,75,67,75,76,3,2
OL,Ian Joyful,29,2008,74,69,70,64,78,67,3,2
OL,Weever Tool,36,2003,27,75,70,65,66,64,3,2
OL,Gether Wright,22,2015,72,60,72,68,67,69,3,2
OL,Drew Valley,29,2009,76,78,70,64,73,65,3,2
OL,Willie Detter,33,2006,69,61,66,75,75,63,3,2
OL,Stevie Rough,24,2013,73,60,60,80,71,60,3,2
OL,Carl Lewis,22,2015,74,58,75,66,68,60,3,2
K,Braddle Neo,25,2013,70,67,61,76,70,76,3,2
K,Clinton Hill,22,2015,73,65,62,75,70,68,3,2
S,Shaun Axer,24,2013,65,61,58,74,61,63,3,2
S,Luishes Petigrew,23,2015,70,57,60,71,60,58,3,2
CB,Varrine Poke,25,2012,60,57,63,64,65,3,2
CB,Ethan Frank,22,2015,57,53,60,60,63,64,3,2
CB,Gelion Barfel,25,2013,63,0,50,59,61,60,3,2
CB,Dontella White,28,2011,64,58,57,60,57,54,3,2
CB,Christophe Duel,28,2010,63,59,56,55,49,47,3,2
CB,Herman Cali,25,2012,60,6055,48,50,53,3,2
DL,Jimmy Deezer,32,2005,61,64,5,50,63,64,3,2
DL,Melvin Cantu,26,2011,54,61,63,51,51,63,3,2
DL,Carlos Ford,28,2010,58,59,58,60,50,59,3,2
DL,David Carl,33,2010,64,54,60,47,60,60,3,2
DL,Charles Melly,22,2015,50,59,57,40,44,63,3,2
LB,Jesse Mort,29,2010,54,47,48,40,53,57,3,2
LB,Henry Woof,30,2008,64,51,49,41,40,51,3,2
LB,Micheal Lopez,27,2011,52,49,50,45,49,50,3,2
LB,Jayden Pipe,29,2009,66,67,66,59,58,59,3,2
LB,Oliver Jayke,32,2005,60,61,61,54,56,50,3,2
LB,Steven Anderson,28,2010,59,62,62,59,58,56,3,2
LB,Sabashtin Dell,28,2010,64,60,53,56,48,53,3,2
LB,Jordan Boovlea,33,2003,60,58,51,50,44,41,3,2
LB,Patrick Wilhite,26,2011,67,53,52,51,50,43,3,2
END_PLAYERS
######################################################################  Aliens
Roswell Egypt Magnet HS Aliens,RMA
QB,Andrew Lime,27,2011,68,64,61,79,64,50,3,2
QB,Samuel Tree,23,2014,71,66,62,71,69,70,3,2
QB,Gerrard Cope,24,2013,66,61,60,68,68,71,3,2
RB,Roger Cat,27,2010,70,70,58,74,66,61,3,2
RB,Bill Cooper,31,2007,68,65,66,71,60,62,3,2
RB,Jaylon Livingstory,24,2012,62,63,60,72,58,60,3,2
RB,Alvin Cliff,21,2015,63,54,61,67,51,68,3,2
RB,Simon Jermaine,23,2014,52,69,70,51,58,47,3,2
WR,Bradley French,22,2015,61,66,57,71,70,60,3,2
WR,Jamie Pasionate,33,2004,66,51,53,68,71,62,3,2
WR,Christopher Darkie,22,2015,67,48,50,66,68,59,3,2
WR,Darrel Hiensafe,35,2002,64,41,41,64,66,54,3,2
WR,Hank Field,36,2003,68,59,40,59,70,45,3,2
WR,Garfield Gametoo,28,2009,59,56,48,52,48,50,3,2
OL,Aaron Wager,25,2012,64,58,61,44,51,43,3,2
OL,Dale Jackson,25,2011,61,68,73,67,75,66,3,2
OL,Charlie Carter,28,2009,63,71,67,59,80,58,3,2
OL,Arnold Bryant,22,2015,73,69,66,50,81,60,3,2
OL,Colt Conciousness,21,2015,71,54,66,73,59,3,2
OL,Tommy Germ,22,2015,70,68,71,55,69,60,3,2
OL,Gale Jordan,33,2006,61,58,61,67,71,48,3,2
OL,Bart Start,33,2006,64,49,60,66,51,49,3,2
OL,Christophe Morph,29,2008,66,44,71,68,60,39,3,2
OL,Shane Herman,21,2015,60,47,58,49,60,54,3,2
OL,Bale Avion,26,2011,76,80,62,88,86,69,3,2
K,Rafiel Saint,23,2014,74,69,81,80,81,70,3,2
K,Bob McDon,21,2015,66,60,68,66,61,60,3,2
S,Malcom Vile,21,2015,63,57,63,60,58,70,3,2
CB,Knight Stone,27,2009,60,61,69,66,60,59,3,2
CB,Kris Woodson,32,2003,65,63,68,58,61,63,3,2
CB,Shaun Jerrick,30,2006,66,60,60,49,51,58,3,2
CB,Richard Redd,25,2013,60,58,51,50,62,60,3,2
CB,Cody Keyshawn,24,2014,58,57,60,38,49,51,3,2
CB,Bash Yellow,26,2010,47,56,67,48,57,49,3,2
DL,Harald Clamp,24,2012,51,50,60,53,46,44,3,2
DL,Georgio Bit,26,2010,60,40,55,48,45,40,3,2
DL,Peter Jazz,27,2009,55,49,46,60,41,42,3,2
DL,Joey Fyce,30,2007,41,60,49,51,44,37,3,2
DL,Dwayne Pupper,29,2009,40,51,50,48,45,42,3,2
DL,Mark Chain,26,2011,42,57,37,40,43,54,3,2
DL,Gregory Green,21,2015,41,48,38,49,40,37,3,2
DL,Kobey Ying,24,2013,41,39,46,50,38,29,3,2
LB,Johnathon Tie,33,2004,70,50,69,70,69,61,3,2
LB,Miles Yallonda,34,2002,61,41,67,65,64,63,3,2
LB,Fernando Hill,23,2014,60,53,59,67,60,58,3,2
LB,Randy Howard,23,2014,61,46,44,59,62,70,3,2
LB,Kyle Dove,22,2015,63,37,39,48,60,59,3,2
LB,Craig Diset,24,2011,60,32,41,66,45,37,3,2
END_PLAYERS
######################################################################  Free Masons 
NAP Academy Free Masons,NAM
QB,Jee Sis,35,2002,64,68,53,63,62,54,3,2
QB,Chris Washington,25,2012,58,59,60,57,61,58,3,2
RB,Basquait Franklin,23,2015,70,55,61,70,59,60,3,2
RB,Patrick Jackson,26,2013,68,54,70,58,60,59,3,2
RB,Calvin Bluesky,36,2002,67,66,59,63,66,54,3,2
RB,Denzel Wright,26,2013,64,54,60,58,66,58,3,2
WR,Linlgling Chong,21,2015,69,66,58,54,69,70,3,2
WR,Carl Reverse,27,2010,58,61,55,61,48,62,3,2
WR,Jake Finn,27,2011,63,54,48,61,58,55,3,2
WR,Freddo Jason,23,2015,60,59,66,57,63,54,3,1
WR,Alanzo Rookie,24,2014,63,48,51,66,48,48,3,2
WR,Angel Hoiet,24,2014,59,60,57,63,53,54,3,2
OL,Marion Phone,26,2012,54,67,50,51,58,64,3,2
OL,Tracy Lemon,32,2005,60,68,48,43,60,49,3,2
OL,Marshall Bobo,34,2002,53,59,60,38,60,57,3,2
OL,Lucas Keline,23,2015,47,63,45,32,41,60,3,2
OL,Lorian Ball,24,2013,59,56,48,41,42,50,3,2
OL,Babe Hummer,26,2012,60,68,42,33,32,39,3,2
OL,Faulk Honey,22,2015,53,49,44,40,40,33,3,2
OL,Mike Aria,25,2012,51,52,43,45,43,32,3,2
OL,Renay Biz,23,2014,43,55,40,41,37,41,3,2
OL,Ness Mann,26,2013,42,53,44,38,32,34,3,2
K,Deshwan Cut,21,2015,65,73,66,68,76,63,3,2
K,Kyle Love,29,2008,70,68,59,55,72,66,3,2
S,Peetey Look,26,2012,75,79,78,80,74,71,3,2
S,Howard Monday,22,2015,78,65,79,80,70,75,3,2
CB,Bob Bye,21,2015,70,73,66,77,70,74,3,2
CB,Kayce Cat,30,2006,68,69,67,71,69,69,3,2
CB,Tim Alabama,29,2008,72,66,61,70,66,70,3,2
CB,Martin Dream,33,2002,73,70,60,69,64,66,3,2
CB,Barrak And,27,2000,64,6571,68,63,62,3,2
CB,Michel Le,25,2012,69,70,63,70,60,60,3,2
DL,Oba Mas,22,2015,65,60,69,70,61,80,3,2
DL,Bear Gran,24,2013,64,58,60,68,66,74,3,2
DL,Troy Robinson,25,2012,66,60,52,66,65,72,3,2
DL,Meech Dad,26,2011,60,63,54,61,70,64,3,2
DL,Bryan Heat,26,2012,70,54,55,70,73,61,3,2
DL,Cameron View,31,2004,61,65,53,64,62,68,3,2
DL,Richmond Tunt,24,2011,62,60,60,63,66,60,3,2
DL,Tiki South,22,2015,64,61,58,57,60,57,3,2
DL,Russell Galloway,22,2015,60,58,70,76,79,80,3,2
LB,David Bird,34,2002,62,64,73,77,69,78,3,2
LB,James Megan,30,2009,66,59,71,69,70,68,3,2
LB,Evan Sinior,21,2015,61,63,68,70,66,71,3,2
LB,Matt Ford,23,2014,59,60,72,67,71,64,3,2
LB,Gill Hanson,23,2015,63,54,66,66,58,61,3,2
LB,Robert Tika,29,2008,57,61,66,68,59,3,2
LB,Jeff Tann,24,2013,54,56,67,61,53,54,3,2
END_PLAYERS
######################################################################  Monkies 
Christian HS Monkies,CM
QB,Aristotle Bottle,24,2014,61,65,70,63,60,76,3,2
QB,Mega Deserve,26,2012,60,59,68,59,66,70,3,2
QB,Once Drako,21,2015,60,55,70,66,54,67,3,2
RB,Chance Ash,27,2011,64,58,71,56,70,72,3,2
RB,Jason Pittman,30,2004,65,66,76,60,58,59,3,2
RB,Oscur Hillington,33,2005,58,70,65,76,58,66,3,2
RB,Casper Alistor,21,2015,67,60,50,48,60,61,3,2
RB,Ernie Wilder,26,2012,65,58,50,55,71,60,3,2
WR,Barney Flint,24,2014,70,68,71,66,58,61,3,2
WR,Jarome Deckor,25,2013,68,66,69,63,70,60,3,2
WR,Tippy Clay,33,2004,71,66,68,70,55,58,3,2
WR,Guss Cruz 28,2009,64,66,70,58,61,55,3,2
WR,Plat Socker,29,2008,58,60,55,70,66,50,3,2
WR,Neesan Dakota,33,2003,61,54,48,61,71,48,3,2
OL,Logan Tadpear,24,2013,63,56,70,69,71,61,3,2
OL,Alexis White,26,2013,65,60,66,61,67,58,3,2
OL,Danny Crowder,29,2010,60,50,63,60,68,57,3,2
OL,Rico Montang,34,2002,66,51,56,53,61,54,3,2
OL,Paul Britt,22,2014,64,60,54,50,53,49,3,2
OL,Dale Fisher,30,2006,61,63,51,59,60,40,3,2
OL,Yoshi Akumura,25,2015,58,49,61,55,58,43,3,2
OL,Hector Posh,25,2014,61,48,63,50,53,46,3,2
OL,Brock Hoop,30,2005,55,40,44,53,47,46,3,2
OL,Lazlo Seven,28,2012,61,63,50,46,44,49,3,2
K,Eric Reach,23,2015,65,61,70,60,60,67,3,2
K,Van Cumberland,31,2004,64,62,65,57,61,63,3,2
K,Babe Reinsberg,29,2007,61,60,60,58,60,60,3,2
S,Andre Fayth,27,2009,64,75,70,75,76,67,3,2
S,Fry Zoidbrack,24,2013,65,68,73,72,71,68,3,2
CB,Homer Dessly,22,2015,81,69,80,79,82,70,3,2
CB,Chaz Nasis,24,2013,76,69,75,78,80,72,3,2
CB,Samuel Ellen,25,2012,77,68,78,69,76,71,3,2
CB,Jerrico Otarl,27,2010,73,69,71,68,74,70,3,2
CB,Dustin Raish,33,2003,70,66,76,66,80,68,3,2
CB,Manny Green,24,2015,68,70,68,69,74,66,3,2
DL,Borus Sheppard,23,2015,68,79,74,64,66,68,3,2
DL,Allen Choser,33,2004,71,73,66,70,65,61,3,2
DL,Olswald Stone,25,2013,66,68,73,60,70,65,3,2
DL,Antonio Dude,24,2014,72,63,66,70,65,60,3,2
DL,Garry West,27,2010,60,66,61,70,60,60,3,2
DL,Joshua Tiger,26,2011,63,58,60,66,58,57,3,2
DL,Otis Wellington,24,2013,60,57,53,59,61,60,3,2
DL,Tanner Glacier,23,2014,48,49,60,56,63,58,3,2
LB,Alfred Pennywood,32,2005,75,70,77,78,66,77,3,2
LB,Xavier Acute,28,2011,76,67,66,68,70,69,3,2
LB,Darren Chester,26,2014,75,60,55,73,58,60,3,2
LB,Torey Roberston,35,2002,70,59,70,68,60,59,3,2
LB,Victor Thomason,22,2015,68,60,59,57,53,61,3,2
LB,Abraham Lee,24,2012,64,61,50,52,54,46,3,2
END_PLAYERS
######################################################################  Gorillaz 
Smith Luther Dr. HS Gorillaz,SLG
QB,Chris Jones,23,2014,76,85,88,87,78,83,3,2
QB,Leshawn Dillard,25,2012,77,80,69,73,81,76,3,2
QB,Emitt Lewis,23,2014,68,80,77,64,66,70,3,2
RB,Philip Thomas,28,2013,81,73,85,84,86,80,3,2
RB,Darnell Ernest,33,2005,81,64,75,87,85,78,3,2
RB,Tyson Lysson,27,2010,80,68,70,69,83,77,3,2
RB,Howard Grey,26,2011,76,71,64,70,66,73,3,2
WR,Isaac Peyton,22,2015,79,69,83,68,89,84,3,2
WR,John Carlson,26,2012,75,74,80,65,88,83,3,2
WR,Paul Howard,24,2013,70,64,71,60,76,81,3,2
WR,Luis Airington,28,2009,73,71,66,61,72,77,3,2
WR,Garry Pitt,21,2015,69,71,66,64,70,75,3,2
WR,Nathan Ship,32,2006,76,70,62,61,74,81,3,2
WR,Joseph White,24,2014,74,71,69,58,78,80,3,2
OL,Devon Smith,26,2012,69,81,79,86,84,79,3,2
OL,Marius Brown,23,2014,70,78,85,78,81,78,3,2
OL,Eli Davison,23,2013,68,76,84,80,79,81,3,2
OL,Joshua Hewy,25,2011,74,82,73,83,74,70,3,2
OL,Michon Tell,30,2008,77,77,81,68,70,64,3,2
OL,Larry Bradwood,35,2003,68,73,80,71,66,60,3,2
OL,Jaylon Wilson,22,2015,71,68,70,76,61,70,3,2
OL,Kenny Black,27,2011,69,66,58,71,69,58,3,2
OL,Daniel Cartwright,24,2012,73,63,71,54,50,48,3,2
OL,Jaquarius Delion,28,2009,70,66,51,60,55,40,3,2
OL,Micheal Patty,24,2014,74,62,60,57,60,58,3,2
K,Kim Nguen,28,2013,64,60,77,85,63,64,3,2
K,Jessie Ashford,28,2009,65,63,58,84,71,60,3,2
S,Fred Hernandez,30,2006,71,77,80,84,82,78,3,2
S,Cameron Bolt,36,2000,72,76,83,81,80,72,3,2
CB,Elroy Joana,32,2004,80,76,76,80,78,76,3,2
CB,Emmanuel Hadd,28,2009,79,77,75,79,81,80,3,2
CB,Gabriel Wienzer,26,2013,75,73,76,76,80,80,3,2
CB,Abraham Patrick,25,2013,74,81,80,69,66,70,3,2
CB,Henry Alaska,25,2013,77,76,69,75,76,70,3,2
CB,Ryan Lish,23,2015,71,80,68,67,66,73,3,2
DL,Enoch Goat,28,2009,85,76,86,85,77,83,3,2
DL,Cesar Gay,23,2014,80,78,77,80,76,82,3,2
DL,George Rueben,26,2012,71,73,76,80,68,83,3,2
DL,John Went,30,2006,69,71,68,78,70,81,3,2
DL,Aston Lamb,33,2001,70,63,61,76,65,86,3,2
DL,Nicholas Flask,31,2007,67,58,60,74,60,80,3,2
DL,Juliun Texas,25,2012,57,60,70,73,61,76,3,2
DL,Alexander New,28,2008,60,61,63,71,73,70,3,2
LB,Jaocb Gate,22,2015,86,83,84,88,86,83,3,2
LB,William Lopez,27,2012,88,80,81,84,83,86,3,2
LB,Jerry York,33,2004,79,80,80,83,80,81,3,2
LB,Blake Teen,30,2007,71,75,76,80,77,83,3,2
LB,Arnesto Door,29,2010,75,68,71,71,69,80,3,2
LB,Jose Flowers,29,2008,73,66,69,66,70,81,3,2
END_PLAYERS
######################################################################  Clovers
Cherrywood Hazel HS Clovers,CHC
QB,Tom Sue,26,2010,73,76,68,81,70,77,3,2
QB,Allen Puff,25,2012,76,69,71,76,76,70,3,2
RB,Gary Jexter,22,2015,73,70,75,81,80,78,3,2
RB,Bob Mars,28,2009,78,69,71,76,75,71,3,2
RB,Andy Banks,29,2007,75,58,68,68,76,80,3,2
RB,Johnny Brave,31,2006,68,70,61,66,70,75,3,2
WR,Klayton Penny,23,2014,81,83,71,70,80,77,3,2
WR,Terrence Buff,25,2012,78,69,75,73,79,73,3,2
WR,Benjamen Church,26,2011,66,59,84,69,77,83,3,2
WR,Ashley McQueen,24,2012,70,75,69,70,66,75,3,2
WR,Nate Taralson,28,2008,71,64,63,57,68,80,3,2
WR,Mark Lavaca,31,2005,68,51,61,48,61,59,3,2
OL,Bruce Hunter,24,2012,83,81,78,85,80,73,3,2
OL,Aquan Clowney,33,2003,76,69,83,84,69,75,3,2
OL,Sunny Orlean,24,2012,81,75,66,71,63,70,3,2
OL,Kennedy Dejavu,27,2009,76,70,71,70,69,61,3,2
OL,Loyd Quarter,25,2011,71,68,70,61,59,70,3,2
OL,Buck Rogers,26,2010,66,70,63,45,67,61,3,2
OL,Rueben Space,29,2007,61,58,47,69,70,60,3,2
OL,Thomas Golf,30,2006,50,60,61,73,53,69,3,2
OL,Cleophas 24,2012,60,51,50,48,68,70,3,2
OL,Hale Dance,23,2015,7045,60,57,60,53,3,2
K,Stan Basher,28,2008,79,78,75,69,80,48,3,2
K,Cosmo Mook,23,2015,80,76,72,79,83,58,3,2
S,Dean Combs,23,2013,73,72,68,75,71,66,3,2
S,Jay Tanner,26,2011,71,66,71,67,71,60,3,2
CB,Duke Gas,25,2013,73,69,64,73,75,68,3,2
CB,Arnold Park 24,2013,73,60,71,70,65,65,3,2
CB,Bear Cent,33,2003,71,66,70,61,68,71,3,2
CB,George Peyton,30,2006,69,63,70,68,66,58,3,2
CB,Harry Gate,26,2011,70,61,60,57,60,56,3,2
CB,Gregory Attack,26,2010,67,65,60,50,61,51,3,2
DL,Dylon Ten,24,2014,70,67,74,65,60,74,4,3
DL,Gustavo Rosa,29,2007,70,66,68,71,61,60,3,2
DL,Boaz Morph,31,2007,68,58,70,61,63,64,3,2
DL Eduardo,25,2012,67,70,66,57,61,66,3,2
DL,Clayton Goff,23,2015,66,54,70,58,54,58,3,2
DL,Bruce Sahara,24,2014,70,51,64,61,58,64,3,2
DL,Tracey Baker,34,2004,59,58,60,56,57,60,3,2
DL,Clark May,33,2002,60,51,65,50,68,47,3,2
DL,Judas Pion,28,2006,71,88,75,63,71,76,3,2
LB,Eagle Whet,29,2005,68,70,71,61,67,76,3,2
LB,Decon Johnson,26,2011,72,60,68,57,63,71,3,3
LB,Hon Petterson,26,2010,64,61,63,60,58,70,3,2
LB,Tony Blake,23,2013,71,58,48,60,61,73,3,2
LB,Jordan Wash,30,2004,66,57,58,50,61,74,3,2
END_PLAYERS
######################################################################  Deer
C.G. Baptist HS Deer,CBD
QB,Kevin Coach,24,2013,63,65,60,59,66,54,3,2
QB,Douge Knight,26,2010,61,62,61,60,57,56,3,2
RB,Baldwin,23,2014,65,60,69,74,65,67,3,2
RB,Hunter Cash,30,2006,63,56,63,64,66,68,3,2
RB,Clifford Rex,26,2010,65,56,61,63,56,67,3,2
RB,Boris Leagan,22,2015,60,54,60,59,51,60,3,2
WR,Morgan Black,25,2011,57,66,58,69,59,57,2,1
WR,Niel Center,27,2012,53,60,54,61,64,56,3,2
WR,Justin Morales,26,2011,52,58,51,58,60,50,3,2
WR,Russell Brooke,29,2009,60,56,46,60,53,52,3,2
WR,Baim Utah,30,2008,54,60,50,57,52,54,3,2
WR,Kenny Pone,34,2002,51,58,47,58,60,45,3,2
OL,Gabe Micah,25,2012,69,68,66,70,70,66,3,2
OL,Spike Foxx,22,2015,61,67,69,70,71,62,3,2
OL,Nico Titan,24,2013,70,61,68,71,66,63,4,2
OL,James Snow,33,2005,63,66,64,68,69,65,3,2
OL,Jeremy Ryan,30,2007,53,66,69,70,63,61,3,2
OL,Caleb Brady,24,2014,72,62,65,53,61,58,3,2
OL,Joshua Mandox,23,2014,64,59,59,63,60,61,3,2
OL,Andy Knowles,24,2013,60,58,63,57,63,48,3,2
OL,Norton Class,26,2011,58,44,66,54,68,41,3,2
OL,Mookey Class,31,2005,66,61,54,53,52,51,3,2
OL,Erick Eye,34,2003,61,44,48,53,46,51,3,2
K,Amdromeda My,30,2003,63,68,69,70,60,63,3,2
K,Gilbert Redd,27,2012,61,64,60,60,65,67,3,2
S,Scott Franklin,26,2011,60,65,54,58,55,66,3,2
S,Guy Mario,23,2014,57,56,51,53,60,51,3,2
CB,Kanye Rookie,22,2015,55,61,54,64,61,52,3,2
CB,Maleek Tumor,34,2004,55,62,54,57,56,53,3,2
CB,Cassidy Echo,25,2012,56,57,50,49,60,51,3,3
CB,Ugine Silver,31,2004,51,61,56,50,48,45,3,2
CB,Redd Nutt,28,2007,50,52,45,56,51,54,3,2
CB,Derrick Blue,30,2009,53,59,42,44,51,46,3,2
DL,Isaac Doris,26,2014,68,61,67,61,67,65,3,2
DL,Gunner Physical,30,2006,61,58,60,59,61,60,3,2
DL,Adam Heart,23,2014,58,61,57,56,58,58,3,2
DL,Cesar Charmy,22,2015,56,60,60,50,56,60,3,2
DL,Rudy Ybur,33,2004,55,63,54,50,53,56,3,2
DL,Stephen Sight,27,2008,51,61,53,52,60,50,3,2
DL,Marlon Wallace,22,2015,48,49,51,47,50,56,3,2
LB,Lucky Jakcson,25,2012,45,50,43,47,50,44,6,3
LB,Ray Washington,31,2005,65,59,68,70,66,58,3,2
LB,Luigi Green,27,2008,68,60,59,66,64,60,3,2
LB,Wayne Black,23,2014,58,69,61,55,54,60,3,2
LB,Linke Wishbone,25,2011,61,55,52,56,51,53,3,2
LB,Roman Sagan,22,2015,54,59,50,60,56,48,3,2
LB,Elias Tyson,24,2013,56,54,46,49,60,44,3,2
END_PLAYERS
######################################################################  Ground Hogs 
Mia HS Groundhogs,MHG
QB,Fernando Deljua,24,2014,55,49,50,55,60,40,3,2
QB,Gasper Jule,24,2013,54,48,49,51,57,44,3,2
RB,Micheal Porch,26,2011,60,61,68,51,69,58,3,2
RB,Boy Scoott,25,2013,58,57,66,59,66,48,3,2
RB,Nico Shane,32,2005,61,60,65,60,47,55,3,2
RB,Kawai Ishaun,28,2010,63,53,61,58,59,49,3,2
RB,Edgar Twitter,25,2012,58,54,60,53,52,51,3,2
WR,Ruppert Sayers,23,2014,61,66,65,67,62,56,3,2
WR,Colt Lexington,26,2011,66,58,67,68,65,69,3,2
WR,Comrade Luther,25,2012,67,66,57,66,65,61,3,2
WR,Calvin Smith,24,2013,58,63,61,57,58,55,3,2
WR,Simon Avion,24,2013,68,61,60,54,48,44,3,2
WR,Senior Davis,26,2012,53,51,58,47,46,45,3,2
OL,Robert Corey,24,2014,67,60,60,57,58,66,3,2
OL,Shaun Want,32,2006,65,61,61,59,49,64,3,2
OL,Marlon Want,28,2010,63,60,58,53,50,61,3,2
OL,Marius Want,25,2012,58,59,55,51,43,57,3,2
OL,Damion Want,23,2014,60,48,56,50,44,58,3,2
OL,Daryl Kind,26,2011,49,53,48,47,50,60,3,2
OL,Kennedy Kobe,25,2012,48,46,52,50,48,53,3,2
OL,Avant Avery,24,2013,45,43,50,43,49,60,3,2
OL,Larry Kisser,24,2013,40,39,49,41,46,55,3,2
OL,Johnny Unite,32,2006,41,37,44,47,41,54,3,2
OL,Gill Hardaway,36,2003,38,42,48,43,35,45,3,2
K,Scott James,28,2008,60,57,64,58,59,63,3,2
K,Lamar Polver,28,2009,63,61,54,53,53,60,3,2
S,Troy Vexter,24,2013,53,51,48,49,54,48,3,2
S,Joe South,25,2012,52,52,50,47,51,50,3,2
S,Tim Freeman,32,2006,50,47,53,46,50,46,3,2
CB,Pay East,28,2009,49,49,51,49,46,48,3,2
CB,Klier Ralley,24,2013,47,45,49,50,46,47,3,2
CB,Winzer North,26,2011,49,48,44,50,48,43,3,2
CB,Dexter Lancaster,26,2011,46,50,42,47,50,41,4,3
CB,Lamont West,25,2014,49,41,49,43,47,46,3,2
CB,Tristen Upp,30,2008,50,44,48,41,43,38,3,2
DL,Lewist Down,23,2014,64,56,60,67,66,60,3,2
DL,Clyde Left,27,2010,60,54,62,69,68,56,3,2
DL,Bradley Right,22,2015,66,55,57,61,59,66,3,2
DL,Riley Lucy,32,2006,63,60,55,60,56,53,3,2
DL,Jasey Tightie,26,2013,59,61,56,64,53,50,3,2
DL,Baxter Grove,26,2012,57,52,59,58,58,50,3,2
DL,Milton Gresh,33,2004,55,46,58,49,59,58,3,2
DL,Morgan Oscar,25,2014,53,49,59,47,57,56,3,2
LB,Eddy Carl,24,2013,53,51,55,49,54,52,3,2
LB,Steve Jake,28,2009,51,52,56,44,48,55,3,2
LB,Cam Corey,33,2005,42,43,44,61,47,50,3,2
LB,Chad Cruz,24,2013,46,41,50,43,48,47,3,2
LB,Chris Vision,24,2013,39,46,47,48,50,44,3,2
LB,Sean Warren,25,2012,46,41,37,38,41,43,3,2
END_PLAYERS
######################################################################  Monsters 
Athletic Academy Monsters,AAM
QB,Cole Winter,23,2015,64,70,51,64,68,60,3,2
QB,Aaron Young,25,2012,61,65,47,61,66,59,3,2
RB,Willie Leed,33,2003,68,78,76,85,68,70,3,2
RB,Dean Bleek,24,2014,76,69,74,69,71,76,3,2
RB,Eddie Green,24,2014,69,63,68,69,66,64,3,2
RB,Steven Oddel,22,2015,61,67,70,61,58,66,3,2
WR,Lenny Reed,32,2004,69,71,64,70,77,75,3,2
WR,Chip Ped,28,2008,70,68,63,69,80,69,3,2
WR,Lee Elk,24,2012,73,66,67,71,70,76,3,2
WR,Richie Catcher,23,2013,75,70,60,66,66,61,3,2
WR,Phillimin Year,26,2011,68,69,63,67,66,3,2
WR,Hon Sue,21,2015,71,61,65,63,62,63,3,2
OL,Al Kiel,25,2012,65,74,80,83,68,81,3,2
OL,Til Breeze,27,2010,76,68,71,75,66,68,3,2
OL,Wiegh Star,26,2011,81,71,80,71,60,75,3,2
OL,Joel Short,23,2014,68,66,65,64,66,70,3,2
OL,Terry Gain,30,2004,77,71,66,58,60,61,3,2
OL,Chris White,28,2008,69,65,53,61,60,55,3,2
OL,Chadwick Frost,27,2009,74,68,51,48,45,60,3,2
OL,Tim Man,21,2011,83,66,58,61,41,50,3,2
OL,Ian Jerry,34,2004,71,48,60,51,61,51,3,2
OL,Willie Rushing,23,2015,79,44,52,43,51,60,3,2
OL,Warren Tree,29,2002,70,43,42,39,60,50,3,2
OL,Eli New,33,2004,68,44,51,36,28,40,3,2
K,Don Close,34,2003,61,58,63,59,58,60,3,2
K,Ren Carry,29,2007,60,55,65,61,55,61,3,2
S,Bale Ty,25,2012,83,68,79,79,85,83,3,2
S,Eduardo Power,23,2015,79,82,75,80,81,83,3,2
S,Ray Tooey,26,2011,77,68,79,83,80,69,3,2
CB,Reece En,25,2013,81,79,75,75,80,69,3,2
CB,Roger Corex,22,2015,80,68,70,77,68,74,3,2
CB,Lodie Ginn,27,2009,75,78,61,77,78,69,3,2
CB,Kieth Einer,26,2012,68,74,81,66,78,77,3,2
CB,Giovanni Tery,30,2006,69,78,69,71,77,74,3,2
CB,Cedrick Santiago,22,2015,79,66,69,69,80,65,3,2
CB,Phade Spread,27,2009,80,71,60,69,64,73,3,2
DL,Willis Deep,25,2011,89,87,90,95,96,98,3,2
DL,Spike Cale,30,2006,88,89,93,94,93,97,3,2
DL,Leo Ginn,25,2010,94,78,91,99,95,99,3,2
DL,David Lincoln,30,2005,81,85,96,94,90,88,3,2
DL,Gan Numbers,24,2013,82,85,80,86,80,90,3,2
DL,Theodore Ann,27,2012,80,82,90,88,81,68,3,2
DL,Dwight Goodson,26,2010,79,78,79,74,83,82,3,2
LB,Barry Guns,28,2007,83,81,80,75,76,77,3,2
LB,John Titus,23,2014,82,77,74,86,81,86,3,2
LB,Jason Luke,27,2010,81,80,68,79,83,83,3,2
LB,Lin Peterson,23,2015,79,81,70,69,77,84,3,2
LB,Corey Jones,29,2006,83,75,74,77,81,80,3,2
LB,Tony Tillison,24,2012,79,81,68,73,72,77,3,2
LB,Charles Smith,30,2008,80,81,79,74,73,80,3,2
END_PLAYERS
######################################################################  Squirrels 
Dawn Wood Academy Squirrels,DAS
QB,Bill Shet,28,2008,64,66,60,68,63,61,3,2
QB,Joe Phillis,23,2015,69,58,62,69,62,59,3,2
RB,Al Zilker,21,2015,78,79,68,79,81,82,3,2
RB,Jim Finn,32,2004,75,68,71,68,79,85,3,2
RB,Phil Kent,30,2005,69,77,69,70,69,79,3,2
RB,Bill Winting,28,2008,70,69,73,74,69,72,3,2
WR,Dave Sance,26,2010,70,65,60,70,68,65,3,2
WR,Jack Turtle,25,2011,70,61,62,67,61,64,3,2
WR,Earl Pat,27,2008,68,67,58,61,62,68,3,2
WR,Dale Mill,23,2015,66,64,55,69,70,61,3,2
WR,Rick Paul,33,2004,71,61,59,71,61,61,3,2
WR,Pat Wirl,29,2006,60,66,71,64,60,57,3,2
WR,Alex Shine,22,2015,59,70,60,59,45,49,3,2
OL,Dick Male,34,2002,65,70,65,59,73,71,3,2
OL,Ed Dex,28,2008,68,69,66,64,70,70,3,2
OL,Fred Judge,22,2015,65,64,63,60,68,69,3,2
OL,Greg Zing,30,2007,64,67,60,63,69,63,3,2
OL,Bart Mall,29,2008,62,60,59,62,68,61,3,2
OL,Zack Heart,24,2012,68,59,61,61,66,57,3,2
OL,Cris Harry,27,2010,61,63,65,55,64,60,3,2
OL,Jeff Law,22,2015,59,60,68,59,61,60,3,2
OL,Luke Gar,28,2009,57,62,58,57,60,59,3,2
OL,Bob Steel,26,2011,55,56,68,53,60,57,3,2
K,Carl Judge,29,2007,68,72,70,73,65,58,3,2
K,Kerm Gan,25,2010,68,71,66,70,69,59,3,2
S,Lee Shee,28,2009,82,77,79,74,71,79,3,2
S,Bear Larn,23,2013,78,69,72,50,65,77,3,2
CB,Art Jute,26,2010,80,81,80,72,76,82,3,2
CB,Pete June,25,2011,81,77,81,69,80,83,3,2
CB,Erny Turn,29,2008,79,68,77,69,75,69,3,2
CB,Mike Porch,25,2014,72,65,73,72,70,71,3,2
CB,Sam Kibbi,27,2009,72,68,71,60,69,66,3,2
CB,Dirk Ted,32,2005,69,71,66,70,61,59,3,2
DL,Barn Jury,31,2004,60,73,71,72,65,58,3,2
DL,Diao Lopez,28,2008,65,70,67,65,61,64,3,2
DL,Mark Cha,29,2007,61,60,59,68,54,70,3,2
DL,Suge Brown,26,2010,62,63,52,60,58,60,3,2
DL,Drew Smith,31,2005,63,55,67,63,52,59,3,2
DL,Jame Chore,27,2009,60,50,59,60,61,56,3,2
DL,Hoey Bear,24,2012,54,560,59,63,69,58,3,2
DL,Rub Rich,25,2011,53,63,60,58,57,60,3,2
DL,Jory Flower,27,2009,50,59,48,63,60,52,3,2
LB,Jam Peter,29,2007,78,79,70,80,79,78,3,2
LB,Mathew Gore,33,2004,77,75,69,77,76,73,3,2
LB,Craig Deon,28,2008,80,69,66,80,71,69,3,2
LB,Bill Houston,25,2011,76,81,60,71,68,70,3,2
LB,Panel Vale,26,2010,80,68,73,69,74,60,3,2
LB,Jesse White,24,2012,73,71,70,66,63,75,3,2
END_PLAYERS
######################################################################  Guns
Central HS Guns,CG
QB,Rakeem Don,28,2009,63,68,59,72,75,61,3,2
QB,Semor Costis,26,2010,65,67,60,68,69,60,3,2
RB,Kale Anderson,23,2014,67,70,65,68,71,55,3,2
RB,Buch Fisher,25,2012,68,65,60,59,65,54,3,2
RB,Chris Coughmen,33,2004,65,69,67,61,60,58,3,2
RB,Horus Rithel,31,2005,59,55,61,57,53,61,3,2
WR,Dieon Racon,27,2011,72,59,69,76,76,69,67,3,2
WR,Malcom Beatle,26,2010,67,66,60,74,61,68,3,2
WR,Oswell Ransey,22,2015,66,61,59,69,63,62,3,2
WR,Jared Pyrox,29,2008,54,58,61,71,58,45,3,2
WR,Fabian Bishop,28,2010,61,51,63,64,60,66,3,2
WR,Ernest Cathenger,27,2011,73,63,80,69,75,3,2
OL,Ronde White,24,2013,75,64,70,73,70,72,3,2
OL,Avery Ashley,33,2004,80,61,76,68,69,69,3,2
OL,Rico Chiles,32,2005,68,60,70,63,62,65,3,2
OL,Terri Perkins,27,2011,61,52,60,62,60,3,2
OL,Jaison Tutty,26,20012,60,57,54,54,59,3,2
OL,Dobe Hernandez,22,2015,65,60,48,51,58,60,3,2
OL,Harlod George,28,2010,63,34,53,47,65,3,2
OL,Marvin Smith,29,2009,61,55,52,46,60,3,2
OL,Jet Parker,23,2013,69,59,50,50,51,3,2
OL,Sted Rackt,26,2012,48,53,47,51,48,50,3,2
OL,Simon House,25,2012,56,61,43,50,44,56,3,2
K,Carl Tonie,29,2009,77,75,63,69,70,75,3,2
K,Key Kieth,33,2004,71,68,60,72,73,70,3,2
S,Ramon Needle,28,2010,73,68,76,74,68,57,3,2
S,Seven Packs,26,2012,67,76,66,68,72,69,3,2
CB,Pat Tin,24,2014,76,78,65,80,77,75,3,2
CB,Ramen Relt,22,2015,75,73,70,79,79,70,3,2
CB,Willie Knight,23,2015,71,68,71,66,73,71,3,2
CB,Harold Germany,28,2010,75,70,61,66,63,61,3,2
CB,Jan Priest,25,2012,70,65,62,63,60,59,3,2
CB,Cole Towel,26,2011,70,61,61,60,70,56,3,2
DL,Nick Henry,28,2009,73,71,76,73,60,78,3,2
DL,Mark Hope,25,2012,72,74,69,74,60,61,3,2
DL,Koleau Buke,24,2014,75,71,66,70,38,63,3,2
DL,Caleb Baden,28,2010,73,70,61,70,57,60,3,2
DL,Jacob Budden,28,2010,73,70,61,70,57,60,3,2
DL,Derrick Jodan,23,2014,70,66,65,63,60,50,3,2
DL,Rata Peterson,23,2015,70,60,63,67,52,51,3,2
DL,Cameron Ekrad,26,2011,71,66,61,61,50,50,3,2
DL,Terrel Ellis,26,2011,67,76,71,76,77,80,3,2
LB,Joshua Tellis,29,2008,68,71,67,66,70,77,3,2
LB,Raj Delee,27,2013,65,66,70,61,63,69,3,2
LB,Jackson Tide,32,2006,70,61,61,54,59,60,3,2
LB,Egnancio Dell,29,2009,67,59,60,58,61,64,3,2
LB,Samson Powers,25,2012,58,60,53,59,60,61,3,2
LB,Five One,28,2009,46,38,50,28,58,41,3,2
END_PLAYERS
######################################################################  Angels 
St. Mary and Joesph Angels,MJA
QB,Beerus Turk,23,2014,79,78,84,83,78,81,3,2
QB,Diamond Lisk,30,2008,77,69,85,83,82,80,3,2
QB,Chad Gardwiler,28,2009,78,67,88,71,70,69,3,2
QB,Nafete Nirvang,33,2003,73,69,77,68,71,60,3,2
RB,Luffy Jocab,26,2010,80,71,83,79,83,79,3,2
RB,Nasir Miles,25,2012,77,71,81,68,71,3,2
RB,Cole Robinson,31,2005,71,68,78,79,68,72,78,3,2
RB,Andy Tarlone,27,2009,71,67,77,75,80,71,3,2
WR,Rah Johnson,25,2011,80,81,79,88,82,85,3,2
WR,Zane Wallace,28,2010,78,84,80,86,80,78,3,2
WR,Chile Davis,22,2013,77,80,81,79,76,80,3,2
WR,Mark Saint,29,2007,71,77,77,81,80,69,3,2
WR,Terrence Bob,27,2009,78,73,71,74,80,71,3,2
WR,Chance Oshay,24,2013,69,66,70,68,71,74,3,2
OL,Lenard Firey,26,2010,80,87,89,92,80,90,3,2
OL,Bosh Camper,26,2010,79,81,90,89,77,92,3,2
OL,Dexter Ocean,27,2009,76,78,77,88,75,89,3,2
OL,Athony Richard,31,2005,75,69,76,79,80,69,3,2
OL,Bain Boobley,23,2014,74,63,76,71,68,70,3,2
OL,Riley Mash,22,2015,73,62,68,79,61,60,3,2
OL,Yuko Punt,31,2005,70,61,67,68,65,70,3,2
OL,Tanner Vine,28,2010,66,70,61,63,65,64,3,2
OL,Katner Mlask,25,2011,58,70,68,61,55,54,3,2
OL,Mathew Kiss,23,2015,55,56,53,52,59,60,3,2
K,Orea Sean,22,2015,81,86,71,88,76,71,3,2
K,Wallie Suke,28,2010,78,80,73,79,76,69,3,2
K,Patrick Blat,24,2012,77,71,68,80,66,79,3,2
S,Andrew Rush,30,3006,68,72,66,71,68,64,3,2
S,Cody Gland,23,2014,70,68,61,63,61,60,3,2
CB,Tyler Philip,30,2006,71,69,64,75,78,65,3,2
CB,Gale Clean,25,2011,70,66,70,61,77,61,3,2
CB,Simon Hanson,31,2005,63,64,70,61,60,3,2
CB,John Math,31,2004,68,70,61,64,66,60,3,2
CB,Yollan Giovanny,27,2011,63,56,61,63,58,3,2
CB,joesph Logan,22,2015,68,59,66,63,64,60,3,2
CB,Carl Amy,25,2011,61,63,60,54,51,53,3,2
DL,Peter Lancast,24,2012,66,71,69,75,68,74,3,2
DL,London Ice,26,2011,67,69,71,68,73,70,3,2
DL,Joshua Bach,22,2015,69,71,63,61,60,58,3,2
DL,Bash Fargo,22,2015,59,64,67,61,68,60,3,2
DL,Samuel Express,27,2012,60,58,63,59,61,60,3,2
DL,Naserith Cred,23,2014,61,60,53,50,52,61,3,2
DL,Luky Randa,29,2007,57,60,55,48,,46,46,49,3,2
DL,Bishop Chase,22,2015,56,41,48,40,51,48,3,2
DL,Jacob Bryan,21,2015,59,60,4,43,41,45,3,2
LB,Bradly Title,30,2007,63,68,64,69,68,77,3,2
LB,Ethan Little,23,2014,61,67,60,66,69,71,3,2
LB,Dustin Car,34,2004,66,70,59,68,71,66,3,2
LB,Marcellus Red,33,2003,56,61,61,66,70,61,3,2
LB,Daniel Pine,23,2014,49,58,60,61,61,60,3,2
LB,Eduardo Brown,27,2011,46,60,59,58,59,60,3,2
END_PLAYERS


Page  of 1


Page 25 of 113


